Case #1: 9 13 20 29 32 39 45 50 58 66
Case #2: 9 13 21 30 37 52 57 65 74 83
Case #3: 19 28 48 75 93 101 109 116 140 156
Case #4: 30 60 90 120 150 180 210 240 270 300
Case #5: 9 10 17 24 33 40 44 53 62 65
Case #6: 6 15 23 32 41 48 54 61 66 74
Case #7: 9 15 18 19 27 34 42 51 60 69
Case #8: 6 15 24 32 41 48 57 66 75 81
Case #9: 9 13 20 29 32 39 45 50 58 66
Case #10: 9 18 22 31 40 44 49 54 63 71
Case #11: 6 14 23 28 35 37 44 53 62 71
Case #12: 6 10 18 27 36 44 49 58 67 76
Case #13: 8 13 22 31 36 45 47 56 64 73
Case #14: 1 9 17 26 33 41 50 57 66 74
Case #15: 7 8 13 20 26 35 41 45 54 62
Case #16: 8 16 25 31 40 43 49 56 65 72
Case #17: 8 12 20 28 37 45 53 60 61 68
Case #18: 9 17 20 25 30 36 44 50 54 61
Case #19: 9 16 24 32 36 45 52 57 66 75
Case #20: 6 15 24 28 35 43 51 60 69 77
Case #21: 8 14 15 24 31 37 45 53 61 70
Case #22: 5 6 12 21 30 38 46 52 61 66
Case #23: 9 18 26 34 41 44 50 54 63 67
Case #24: 3 12 20 24 33 40 49 54 61 70
Case #25: 6 14 19 28 36 40 48 55 60 69
Case #26: 9 18 21 29 38 42 49 58 65 73
Case #27: 9 17 20 25 25 34 37 46 52 61
Case #28: 4 11 19 28 36 43 52 60 64 73
Case #29: 9 17 17 24 30 39 48 56 64 71
Case #30: 8 15 17 24 33 36 38 45 47 51
Case #31: 3 9 17 26 35 40 46 55 61 67
Case #32: 6 11 16 22 31 40 46 55 64 70
Case #33: 7 16 25 33 42 50 56 64 71 78
Case #34: 8 17 25 34 40 49 55 63 71 79
Case #35: 8 14 15 23 32 40 48 52 61 63
Case #36: 7 16 22 31 32 41 48 57 66 69
Case #37: 6 10 18 27 28 35 44 53 62 69
Case #38: 9 18 23 31 39 48 57 65 70 78
Case #39: 9 12 18 25 34 42 49 57 63 70
Case #40: 8 12 18 25 34 35 43 52 59 66
Case #41: 6 15 18 27 29 38 43 52 59 68
Case #42: 9 17 22 31 39 47 55 64 72 81
Case #43: 8 17 26 30 38 47 55 64 73 82
Case #44: 8 15 20 27 35 44 53 61 70 78
Case #45: 9 14 22 29 33 38 45 52 60 66
Case #46: 4 10 18 23 28 31 36 44 53 62
Case #47: 6 15 18 27 36 41 46 54 62 71
Case #48: 3 9 18 24 32 41 44 53 61 70
Case #49: 3 12 18 23 31 34 38 44 51 59
Case #50: 6 11 20 28 35 42 50 59 63 72
Case #51: 4 13 13 22 30 35 44 53 59 68
Case #52: 9 18 26 35 38 47 52 61 67 74
Case #53: 9 10 19 28 37 37 43 49 52 54
Case #54: 9 18 26 27 30 39 43 50 53 62
Case #55: 7 15 24 32 39 43 45 49 56 65
Case #56: 7 12 15 17 24 31 34 42 49 52
Case #57: 7 15 19 27 29 36 42 50 58 65
Case #58: 9 18 26 33 41 45 50 57 65 68
Case #59: 5 14 23 26 35 43 50 59 66 75
Case #60: 9 18 25 34 40 49 57 63 72 81
Case #61: 8 13 21 28 37 43 47 50 57 65
Case #62: 7 16 18 25 31 39 48 57 63 68
Case #63: 6 15 19 26 35 38 47 56 65 68
Case #64: 8 15 22 29 37 44 53 61 70 79
Case #65: 8 14 20 27 35 39 48 55 64 71
Case #66: 6 15 24 33 39 46 48 53 60 65
Case #67: 9 15 22 29 37 44 52 58 66 72
Case #68: 6 13 21 30 37 45 50 59 68 74
Case #69: 9 18 22 30 33 39 44 53 59 68
Case #70: 8 13 22 31 38 43 49 58 66 75
Case #71: 5 12 21 27 30 37 45 53 60 66
Case #72: 8 16 25 27 36 44 46 55 62 66
Case #73: 4 13 21 25 26 35 38 38 47 56
Case #74: 9 15 22 28 33 40 48 57 66 68
Case #75: 4 6 15 17 26 33 42 45 54 63
Case #76: 2 6 10 14 21 26 28 36 45 53
Case #77: 9 18 24 30 37 44 52 53 62 67
Case #78: 7 11 13 19 27 35 39 46 50 57
Case #79: 7 11 20 26 34 38 45 54 61 67
Case #80: 6 15 24 31 40 48 56 63 71 79
Case #81: 8 17 25 31 40 46 55 64 70 79
Case #82: 8 15 24 31 40 48 56 65 73 79
Case #83: 9 18 27 32 41 50 58 63 72 77
Case #84: 7 14 23 32 40 48 57 65 73 80
Case #85: 5 14 19 27 35 41 48 57 64 72
Case #86: 4 12 20 25 32 40 49 58 67 71
Case #87: 9 16 25 26 34 41 50 59 60 69
Case #88: 9 10 17 26 35 41 50 57 61 63
Case #89: 8 17 24 27 32 41 50 54 61 70
Case #90: 7 13 22 27 36 39 42 50 56 63
Case #91: 8 17 24 31 39 47 54 60 64 72
Case #92: 9 12 17 21 30 36 45 51 53 60
Case #93: 9 18 24 31 40 49 57 66 74 81
Case #94: 8 16 24 32 40 48 57 58 60 69
Case #95: 9 16 25 34 41 50 59 65 74 81
Case #96: 7 13 16 25 34 37 37 46 55 62
Case #97: 2 9 18 26 34 43 49 58 63 70
Case #98: 6 11 19 27 33 42 49 57 59 66
Case #99: 3 10 19 26 35 44 53 62 69 77
Case #100: 8 11 16 23 32 38 42 47 56 65
Case #101: 7 14 22 30 37 45 50 58 66 73
Case #102: 6 11 19 23 27 32 39 43 47 55
Case #103: 6 14 14 23 25 30 39 42 45 54
Case #104: 15 31 46 56 74 84 96 112 129 140
Case #105: 10 23 30 45 61 76 87 102 111 129
Case #106: 16 31 42 53 66 73 90 97 109 127
Case #107: 13 32 47 66 79 96 114 130 147 157
Case #108: 11 24 34 51 61 63 76 87 99 118
Case #109: 11 24 36 54 72 82 94 107 123 141
Case #110: 17 33 49 62 81 91 105 118 134 145
Case #111: 15 33 51 69 81 89 104 123 135 153
Case #112: 13 32 51 60 71 88 104 114 131 150
Case #113: 18 31 43 55 71 89 102 117 129 140
Case #114: 14 24 42 55 67 81 93 109 128 146
Case #115: 11 28 40 53 72 89 99 100 112 126
Case #116: 4 17 25 42 53 64 75 94 110 122
Case #117: 14 29 44 63 82 94 104 122 141 152
Case #118: 18 37 54 70 81 99 112 127 139 149
Case #119: 11 25 37 56 69 84 103 122 135 139
Case #120: 16 32 49 61 72 83 94 107 118 136
Case #121: 11 24 40 54 73 91 104 123 139 155
Case #122: 14 29 48 61 80 96 110 120 132 142
Case #123: 12 27 38 48 67 77 96 112 122 141
Case #124: 12 28 39 56 73 90 99 112 128 144
Case #125: 17 36 50 64 83 95 109 121 136 153
Case #126: 13 29 40 50 67 80 97 106 116 131
Case #127: 19 32 39 52 66 80 90 100 119 129
Case #128: 11 24 42 59 78 94 106 124 134 148
Case #129: 13 26 36 52 65 77 92 108 125 133
Case #130: 17 33 47 57 76 88 102 113 130 147
Case #131: 16 30 45 58 74 93 107 121 138 155
Case #132: 15 31 47 62 75 90 108 122 136 153
Case #133: 17 34 46 57 73 83 102 121 139 158
Case #134: 14 29 45 58 73 89 105 120 135 152
Case #135: 16 28 43 55 70 89 101 106 119 133
Case #136: 11 22 33 46 57 67 81 92 104 122
Case #137: 18 36 49 58 76 88 100 114 127 143
Case #138: 12 22 35 46 57 73 92 105 122 134
Case #139: 19 32 48 67 77 92 104 115 128 147
Case #140: 16 29 46 59 74 90 102 116 131 149
Case #141: 16 35 48 62 81 92 102 114 125 144
Case #142: 13 32 46 62 81 94 105 120 139 158
Case #143: 17 34 51 67 78 91 104 121 135 153
Case #144: 19 33 49 63 75 91 109 122 133 144
Case #145: 12 22 37 51 62 77 91 108 127 142
Case #146: 11 25 36 48 66 84 103 119 135 147
Case #147: 16 29 47 63 75 89 107 120 128 143
Case #148: 11 26 37 56 75 89 99 111 113 124
Case #149: 17 30 43 56 72 84 100 114 133 152
Case #150: 19 31 43 60 70 86 96 111 129 140
Case #151: 17 29 43 56 72 87 98 116 132 151
Case #152: 10 10 23 39 53 64 81 93 109 123
Case #153: 11 23 39 54 65 76 94 109 123 141
Case #154: 12 23 41 52 68 86 105 123 142 157
Case #155: 19 37 50 65 83 96 110 121 139 149
Case #156: 13 31 50 66 85 101 117 127 143 159
Case #157: 11 28 42 60 74 90 107 124 141 155
Case #158: 16 31 48 63 78 91 104 114 128 141
Case #159: 8 24 34 51 69 82 94 109 124 134
Case #160: 14 30 46 65 80 96 106 117 126 136
Case #161: 10 27 42 55 68 82 93 103 115 133
Case #162: 15 29 42 58 73 91 105 123 138 151
Case #163: 16 33 48 66 79 90 105 118 128 141
Case #164: 16 34 45 58 76 87 97 108 112 127
Case #165: 18 34 49 63 81 97 110 123 135 147
Case #166: 17 32 50 65 78 90 109 122 134 151
Case #167: 14 20 31 49 61 73 87 105 124 141
Case #168: 14 30 38 56 71 84 101 111 128 144
Case #169: 18 31 43 57 70 88 98 117 135 145
Case #170: 11 21 39 52 66 85 98 111 125 137
Case #171: 15 34 52 70 89 108 121 138 150 169
Case #172: 11 24 35 54 66 81 97 108 126 140
Case #173: 18 37 56 65 75 94 110 126 136 150
Case #174: 17 36 52 68 85 96 106 115 125 135
Case #175: 17 35 45 63 82 97 112 123 136 150
Case #176: 14 29 40 50 66 78 96 106 118 132
Case #177: 16 31 49 63 81 94 107 124 141 154
Case #178: 19 28 46 62 78 97 109 128 140 151
Case #179: 18 32 49 62 79 95 108 113 124 143
Case #180: 16 32 50 68 86 99 115 134 148 164
Case #181: 10 23 40 55 68 81 95 111 126 140
Case #182: 16 26 42 54 67 85 102 120 136 152
Case #183: 15 33 49 66 81 100 116 126 136 154
Case #184: 12 28 44 61 75 90 103 114 132 149
Case #185: 14 27 38 56 69 84 96 109 121 139
Case #186: 19 29 41 52 64 78 94 111 124 135
Case #187: 11 22 41 59 70 87 101 116 121 132
Case #188: 9 27 46 59 71 83 99 114 132 151
Case #189: 19 35 45 56 66 78 96 112 124 134
Case #190: 10 28 45 60 71 86 102 113 127 146
Case #191: 9 22 35 45 56 73 88 101 119 129
Case #192: 15 26 39 55 72 88 107 116 132 145
Case #193: 15 32 49 62 80 99 113 125 139 152
Case #194: 13 25 35 50 69 79 92 111 129 142
Case #195: 17 35 53 68 85 100 115 126 139 154
Case #196: 15 30 40 50 57 73 91 108 119 130
Case #197: 12 23 35 48 58 71 87 100 112 122
Case #198: 18 34 46 63 75 94 106 117 135 151
Case #199: 13 29 41 51 68 78 88 100 117 135
Case #200: 10 22 34 46 58 64 80 92 104 113
Case #201: 16 26 39 58 69 86 101 116 134 153
Case #202: 13 24 41 57 68 82 93 104 122 134
Case #203: 30 60 90 120 150 180 210 240 270 300
Case #204: 30 60 90 120 150 180 210 240 265 282
Case #205: 30 60 90 120 150 180 210 240 270 300
Case #206: 30 60 90 120 150 180 210 240 270 300
Case #207: 30 60 90 120 150 180 210 240 263 277
Case #208: 30 60 90 120 150 180 210 240 270 300
Case #209: 26 44 52 74 92 100 130 160 190 220
Case #210: 30 50 61 62 92 122 152 182 212 242
Case #211: 30 60 90 120 150 180 210 240 270 300
Case #212: 30 60 90 120 150 180 210 240 270 300
Case #213: 30 60 90 120 150 180 210 240 270 300
Case #214: 30 60 85 100 105 135 165 195 215 226
Case #215: 29 48 57 87 117 147 177 207 237 267
Case #216: 30 60 90 120 150 180 210 240 270 300
Case #217: 30 60 90 120 150 180 210 240 270 300
Case #218: 30 60 90 120 150 180 210 240 270 300
Case #219: 30 60 90 120 150 180 210 240 270 300
Case #220: 30 60 90 120 150 180 210 240 270 300
Case #221: 30 60 90 120 150 180 210 240 270 300
Case #222: 29 48 57 87 117 147 177 207 237 267
Case #223: 15 20 50 80 110 140 170 200 230 260
Case #224: 20 35 40 70 100 130 160 190 220 250
Case #225: 27 46 55 85 115 145 175 205 235 265
Case #226: 30 60 90 120 150 180 210 240 270 291
Case #227: 30 60 90 120 150 180 210 240 270 300
Case #228: 30 60 90 120 150 180 210 240 270 300
Case #229: 30 60 90 120 150 180 210 240 270 300
Case #230: 30 60 90 120 150 180 210 240 270 300
Case #231: 30 50 62 64 94 114 131 138 168 198
Case #232: 30 60 90 120 150 180 210 240 270 300
Case #233: 24 43 52 82 112 142 172 202 232 262
Case #234: 30 60 90 120 150 180 210 240 270 300
Case #235: 30 60 90 120 150 171 185 189 211 227
Case #236: 30 60 90 120 150 180 210 240 270 300
Case #237: 30 60 90 120 150 180 210 240 270 298
Case #238: 30 60 90 120 150 180 210 240 270 300
Case #239: 30 60 90 114 133 142 172 202 232 262
Case #240: 30 60 90 120 149 168 177 207 237 267
Case #241: 30 60 90 120 150 180 210 240 270 300
Case #242: 30 60 90 120 150 180 210 240 270 300
Case #243: 30 60 90 120 150 180 210 240 270 300
Case #244: 30 60 90 120 150 180 210 240 270 300
Case #245: 30 60 90 120 150 180 210 240 270 300
Case #246: 30 60 90 120 150 180 210 240 270 300
Case #247: 30 60 90 120 150 180 202 221 230 260
Case #248: 30 60 90 120 150 180 210 240 268 286
Case #249: 30 60 90 120 150 180 210 240 270 300
Case #250: 30 60 90 115 131 137 167 187 200 203
Case #251: 30 60 90 120 150 180 210 240 266 285
Case #252: 30 60 90 120 150 180 210 240 270 300
Case #253: 30 60 80 96 102 132 162 192 222 252
Case #254: 8 38 68 98 128 158 182 200 208 238
Case #255: 30 56 74 82 112 142 172 202 232 262
Case #256: 30 60 90 120 150 180 210 240 270 300
Case #257: 7 37 67 97 127 157 187 217 247 277
Case #258: 16 22 52 82 112 142 172 202 232 262
Case #259: 30 60 90 120 150 180 210 240 270 300
Case #260: 30 60 90 120 150 172 189 196 226 256
Case #261: 30 60 90 120 150 180 210 240 270 300
Case #262: 30 60 90 120 150 180 210 240 270 300
Case #263: 30 60 90 120 150 180 210 240 270 300
Case #264: 30 60 90 120 150 180 210 240 270 293
Case #265: 30 60 90 120 150 180 210 240 270 300
Case #266: 30 60 90 120 150 174 191 198 228 258
Case #267: 30 60 90 120 150 180 210 240 270 300
Case #268: 30 56 74 82 112 142 172 202 232 262
Case #269: 30 60 90 120 150 180 210 240 270 300
Case #270: 30 60 90 120 150 180 210 240 264 279
Case #271: 30 60 90 120 150 180 210 240 270 300
Case #272: 30 60 90 120 150 180 210 240 270 300
Case #273: 30 60 90 120 150 180 210 240 270 300
Case #274: 30 60 90 120 150 180 210 240 269 288
Case #275: 30 60 90 120 150 180 210 240 270 300
Case #276: 30 60 90 120 150 180 210 240 270 300
Case #277: 30 60 90 120 150 180 210 240 270 300
Case #278: 30 60 90 120 150 180 210 240 270 300
Case #279: 30 60 90 120 150 180 201 218 225 255
Case #280: 30 60 90 116 134 142 172 202 232 262
Case #281: 30 60 90 120 150 180 210 240 270 300
Case #282: 30 60 90 120 150 180 210 240 269 288
Case #283: 30 60 90 120 150 180 210 240 270 300
Case #284: 30 60 90 120 150 180 210 240 270 300
Case #285: 30 60 90 120 150 180 210 240 270 300
Case #286: 30 56 72 78 108 138 168 198 228 258
Case #287: 30 60 90 120 150 180 210 240 270 300
Case #288: 30 60 90 120 150 180 210 240 270 300
Case #289: 30 60 90 120 150 180 210 240 270 300
Case #290: 30 60 90 120 150 180 210 240 270 300
Case #291: 30 60 90 120 150 180 210 240 270 300
Case #292: 18 26 56 86 116 146 176 203 222 231
Case #293: 30 60 90 120 143 159 165 195 225 255
Case #294: 30 60 90 112 128 134 164 194 224 254
Case #295: 30 60 90 120 150 180 210 240 270 300
Case #296: 30 60 90 120 150 180 210 240 270 300
Case #297: 30 60 90 120 150 175 190 195 225 255
Case #298: 30 60 80 91 92 122 152 182 212 242
Case #299: 30 60 81 92 93 123 153 183 213 243
Case #300: 30 60 90 120 150 180 210 240 260 274
Case #301: 30 50 63 66 96 126 156 186 216 246
Case #302: 20 40 60 80 110 140 162 176 180 200
Case #303: 30 60 90 119 138 147 153 162 182 202
Case #304: 27 44 51 64 69 93 112 121 136 156
Case #305: 20 36 42 62 82 112 140 160 180 210
Case #306: 9 29 49 64 72 102 131 150 159 167
Case #307: 20 30 46 52 79 98 107 125 133 139
Case #308: 3 19 25 53 73 83 90 110 133 148
Case #309: 30 60 90 120 150 180 210 239 258 267
Case #310: 11 12 32 46 66 86 106 136 158 178
Case #311: 18 26 46 66 83 90 110 130 150 169
Case #312: 5 19 23 31 39 59 89 119 149 174
Case #313: 23 43 58 66 96 126 156 178 196 204
Case #314: 20 40 60 70 81 97 104 121 128 147
Case #315: 20 40 59 68 86 96 109 125 141 147
Case #316: 5 13 31 51 71 91 119 139 150 170
Case #317: 16 33 53 73 83 103 123 135 150 167
Case #318: 20 40 70 93 113 129 149 179 207 226
Case #319: 20 44 62 70 79 96 103 125 145 156
Case #320: 9 27 35 52 70 87 94 115 135 154
Case #321: 20 40 57 64 84 103 112 132 154 174
Case #322: 18 27 47 66 75 95 115 144 163 172
Case #323: 7 31 51 67 80 94 100 130 150 166
Case #324: 16 31 47 53 69 76 99 117 125 149
Case #325: 17 24 38 42 61 70 97 114 121 122
Case #326: 30 50 65 70 100 130 160 190 219 239
Case #327: 20 40 62 82 98 118 139 159 179 202
Case #328: 20 30 37 67 97 123 143 161 177 183
Case #329: 16 36 63 83 103 131 151 171 191 211
Case #330: 20 46 66 86 116 146 167 187 198 204
Case #331: 17 24 26 45 54 73 82 86 111 131
Case #332: 20 40 58 66 86 101 121 148 167 176
Case #333: 30 60 86 106 122 135 140 145 164 173
Case #334: 20 40 58 67 86 95 115 126 145 154
Case #335: 9 28 37 43 49 76 95 104 116 125
Case #336: 30 53 69 75 83 103 133 163 184 198
Case #337: 20 40 57 64 72 102 132 162 192 218
Case #338: 20 40 65 84 93 123 148 167 176 193
Case #339: 20 31 34 39 63 83 103 123 133 134
Case #340: 7 37 59 78 87 104 111 117 137 156
Case #341: 27 46 55 85 115 143 163 183 203 221
Case #342: 20 35 53 68 76 85 98 118 138 158
Case #343: 19 28 48 78 108 131 151 168 176 183
Case #344: 8 23 28 33 63 86 106 126 143 150
Case #345: 15 20 40 53 59 79 104 124 134 149
Case #346: 20 34 38 49 50 73 93 113 134 147
Case #347: 20 40 70 100 122 139 146 146 152 158
Case #348: 30 51 67 73 103 133 163 193 222 241
Case #349: 9 29 56 73 80 86 105 114 122 147
Case #350: 20 39 48 78 107 127 147 165 173 182
Case #351: 18 26 34 54 74 94 108 114 138 156
Case #352: 24 44 58 63 70 74 94 114 144 173
Case #353: 20 39 58 67 97 118 138 158 188 218
Case #354: 19 28 45 52 71 80 100 120 150 175
Case #355: 19 28 45 54 63 71 78 100 112 114
Case #356: 29 49 66 74 94 112 120 140 158 169
Case #357: 20 31 35 53 61 91 111 131 146 157
Case #358: 5 13 20 49 68 77 97 116 125 144
Case #359: 9 29 49 66 73 92 106 112 125 128
Case #360: 9 28 37 53 60 65 89 109 127 135
Case #361: 20 30 36 66 95 115 135 148 151 154
Case #362: 30 50 60 60 80 93 96 109 128 148
Case #363: 8 20 22 40 48 68 88 107 123 131
Case #364: 30 60 90 120 146 166 181 189 198 203
Case #365: 4 34 59 79 99 119 139 169 199 226
Case #366: 7 27 46 55 74 83 97 101 118 125
Case #367: 20 40 59 68 83 88 105 112 118 148
Case #368: 20 39 48 60 62 71 91 117 134 141
Case #369: 30 54 74 87 91 100 120 139 148 168
Case #370: 20 40 61 81 101 120 129 138 151 155
Case #371: 30 60 88 108 127 147 167 185 205 234
Case #372: 20 33 36 56 70 90 110 129 138 158
Case #373: 30 53 73 83 86 115 134 143 173 197
Case #374: 7 23 43 71 91 103 123 141 149 162
Case #375: 12 32 52 72 92 112 142 172 202 232
Case #376: 9 39 69 90 109 118 127 157 187 212
Case #377: 5 35 56 76 96 112 118 148 178 208
Case #378: 7 27 47 58 61 81 94 114 144 168
Case #379: 17 24 54 78 98 117 137 157 168 174
Case #380: 6 26 46 69 89 109 135 155 175 192
Case #381: 18 26 51 71 91 111 126 135 155 175
Case #382: 9 29 49 59 59 72 80 94 114 144
Case #383: 25 42 49 71 91 107 118 120 140 170
Case #384: 30 55 75 95 125 147 164 171 179 209
Case #385: 21 40 49 65 74 93 107 116 134 142
Case #386: 30 51 64 67 77 78 96 104 113 132
Case #387: 20 49 68 77 97 112 117 124 130 135
Case #388: 20 38 46 66 78 80 89 115 135 149
Case #389: 10 12 24 44 65 85 98 104 131 151
Case #390: 21 41 54 72 81 90 98 118 145 165
Case #391: 10 10 40 70 92 105 108 132 152 165
Case #392: 16 22 42 72 102 132 162 182 202 221
Case #393: 20 40 60 80 99 108 117 137 157 172
Case #394: 10 15 35 64 84 95 114 134 164 186
Case #395: 6 25 43 51 63 83 96 99 108 119
Case #396: 29 49 69 89 109 129 144 150 159 179
Case #397: 30 54 68 72 76 84 93 98 113 133
Case #398: 30 55 74 83 113 143 164 180 186 205
Case #399: 13 22 40 48 56 75 84 114 134 154
Case #400: 30 60 90 120 150 180 210 240 270 300
Case #401: 30 60 90 120 150 180 210 240 270 300
Case #402: 30 51 71 85 105 135 165 195 225 255
Case #403: 30 60 89 109 129 159 189 219 249 279
Case #404: 20 50 80 110 133 153 173 203 233 263
Case #405: 30 60 90 120 150 180 210 240 270 299
Case #406: 20 40 70 98 118 138 168 198 228 258
Case #407: 20 50 80 110 140 165 184 193 213 233
Case #408: 27 47 67 97 127 157 187 217 247 277
Case #409: 30 60 86 106 126 156 186 216 246 276
Case #410: 30 60 90 118 138 158 188 218 248 278
Case #411: 30 60 90 120 150 179 199 219 249 279
Case #412: 30 60 90 117 137 157 177 197 227 252
Case #413: 30 60 90 120 150 180 210 240 270 293
Case #414: 20 40 70 100 130 155 175 195 225 255
Case #415: 20 50 80 110 140 170 200 222 242 262
Case #416: 30 60 90 120 146 166 186 216 246 276
Case #417: 30 60 90 120 150 180 207 227 247 277
Case #418: 20 40 70 99 119 139 169 199 229 259
Case #419: 30 60 85 105 125 149 169 189 219 249
Case #420: 30 60 90 120 150 170 190 202 222 252
Case #421: 30 60 90 120 143 163 177 197 227 257
Case #422: 30 60 90 120 150 180 210 240 270 300
Case #423: 20 32 52 82 112 142 172 196 216 236
Case #424: 30 55 75 93 113 143 173 203 233 263
Case #425: 20 40 70 100 130 160 190 220 250 280
Case #426: 30 60 90 120 143 163 183 213 243 273
Case #427: 30 60 90 115 130 135 155 175 205 235
Case #428: 30 60 90 116 136 156 186 213 233 253
Case #429: 30 60 88 108 128 158 188 218 248 276
Case #430: 30 60 90 120 150 180 210 230 250 270
Case #431: 30 60 90 120 150 180 200 220 240 270
Case #432: 30 60 90 120 150 175 195 215 245 275
Case #433: 30 60 90 119 139 159 189 218 238 258
Case #434: 1 31 58 78 98 128 158 188 218 248
Case #435: 30 60 83 103 123 153 183 213 243 273
Case #436: 30 60 90 120 150 180 210 240 270 300
Case #437: 30 60 83 103 123 153 182 202 221 241
Case #438: 23 43 63 82 91 115 131 137 167 197
Case #439: 30 60 90 120 150 180 210 234 254 274
Case #440: 25 45 65 95 125 153 173 193 223 250
Case #441: 20 40 70 100 130 160 190 220 250 280
Case #442: 30 60 90 120 145 162 169 199 229 249
Case #443: 30 60 90 120 150 172 192 212 242 272
Case #444: 24 44 64 94 124 154 184 214 244 271
Case #445: 30 60 90 120 150 180 210 240 270 295
Case #446: 30 60 90 112 124 126 156 186 211 231
Case #447: 28 48 68 98 128 158 188 218 246 266
Case #448: 30 60 90 120 150 177 197 217 247 277
Case #449: 30 60 90 120 150 180 210 240 270 300
Case #450: 20 40 60 80 100 118 138 168 198 218
Case #451: 19 28 58 88 110 130 150 180 200 219
Case #452: 20 50 80 110 140 170 200 230 258 277
Case #453: 20 32 44 48 68 88 108 136 156 176
Case #454: 30 60 90 113 129 135 163 183 203 233
Case #455: 20 40 70 100 130 160 190 220 250 280
Case #456: 30 60 90 120 150 180 210 235 250 255
Case #457: 20 42 57 62 82 112 142 172 198 218
Case #458: 30 60 90 120 142 162 182 212 239 259
Case #459: 30 60 90 120 148 167 176 202 220 228
Case #460: 30 60 90 120 150 180 210 240 269 289
Case #461: 30 60 90 120 143 163 183 213 243 273
Case #462: 30 60 90 120 150 180 206 226 246 276
Case #463: 20 36 56 76 96 126 156 186 216 246
Case #464: 30 60 90 120 150 180 210 233 246 249
Case #465: 20 40 60 71 89 109 129 149 179 209
Case #466: 30 60 90 120 150 172 190 198 228 258
Case #467: 30 60 83 103 123 147 167 187 217 247
Case #468: 30 60 90 119 139 159 189 219 249 279
Case #469: 30 60 90 120 150 180 210 240 270 291
Case #470: 24 44 60 80 110 140 170 200 223 242
Case #471: 30 60 88 108 128 158 188 218 248 278
Case #472: 20 40 60 90 120 150 180 210 240 268
Case #473: 30 60 90 120 150 180 210 240 270 300
Case #474: 20 50 80 110 140 170 200 230 260 290
Case #475: 20 40 60 74 94 124 154 184 214 244
Case #476: 20 40 70 99 118 127 157 187 217 241
Case #477: 30 60 90 118 138 158 186 206 226 256
Case #478: 30 60 90 115 135 155 179 196 203 233
Case #479: 29 49 69 99 120 140 160 190 220 250
Case #480: 17 24 54 84 114 144 174 204 234 264
Case #481: 30 60 90 120 150 180 210 234 254 270
Case #482: 30 60 90 114 134 154 184 214 244 274
Case #483: 28 48 68 98 128 158 188 218 248 278
Case #484: 30 60 90 120 150 180 210 240 270 300
Case #485: 30 60 90 120 150 180 210 240 270 300
Case #486: 30 60 90 117 137 157 187 217 247 277
Case #487: 20 36 56 86 116 146 176 206 229 249
Case #488: 30 60 90 118 136 144 174 204 228 248
Case #489: 30 60 90 120 150 180 210 238 258 276
Case #490: 20 50 80 102 122 142 172 202 232 262
Case #491: 30 60 90 120 150 180 210 240 270 300
Case #492: 20 40 70 100 130 160 190 220 250 280
Case #493: 30 60 90 120 144 164 184 214 244 274
Case #494: 30 60 90 120 150 180 210 234 254 268
Case #495: 30 60 90 120 150 180 210 240 270 300
Case #496: 20 40 70 100 130 160 190 220 250 270
Case #497: 30 60 90 120 150 180 210 240 270 300
Case #498: 20 40 53 56 76 96 126 156 186 216
Case #499: 30 60 90 120 150 180 210 240 270 300
Case #500: 30 60 90 120 150 180 210 240 269 289
Case #501: 3 23 43 73 103 133 163 193 223 253
Case #502: 30 60 90 120 150 180 210 240 263 283
Case #503: 30 60 90 120 141 161 181 211 241 264
Case #504: 30 60 90 120 150 180 210 240 270 300
Case #505: 30 60 90 120 148 168 188 218 248 272
Case #506: 30 60 90 120 143 163 183 213 235 250
Case #507: 30 60 90 120 150 180 210 240 270 300
Case #508: 30 60 90 120 150 180 210 240 270 300
Case #509: 30 60 90 120 150 180 210 240 270 300
Case #510: 30 60 90 120 150 180 210 240 270 300
Case #511: 20 40 70 100 130 160 190 220 250 280
Case #512: 30 60 90 120 150 180 209 229 249 279
Case #513: 30 60 90 120 150 180 210 240 270 300
Case #514: 30 60 90 120 150 180 210 240 269 289
Case #515: 30 60 90 120 150 180 210 240 270 300
Case #516: 30 60 90 120 150 180 210 240 270 300
Case #517: 30 60 90 120 150 180 210 240 270 300
Case #518: 30 60 90 120 150 180 210 240 270 300
Case #519: 30 60 90 120 150 180 210 240 270 300
Case #520: 30 60 90 120 150 180 210 232 252 272
Case #521: 30 60 90 120 150 180 210 240 270 300
Case #522: 30 60 90 120 150 180 210 240 270 300
Case #523: 30 60 80 100 120 150 180 210 240 270
Case #524: 30 60 90 120 150 180 210 240 270 300
Case #525: 30 60 90 120 150 180 210 240 270 300
Case #526: 30 60 90 120 150 180 210 240 270 300
Case #527: 30 60 90 120 150 180 210 240 270 300
Case #528: 30 55 75 95 125 155 185 215 245 275
Case #529: 30 60 90 120 150 180 210 240 270 300
Case #530: 30 60 90 120 150 180 210 240 270 300
Case #531: 20 40 70 100 130 160 190 220 250 280
Case #532: 30 60 90 120 150 180 210 240 270 300
Case #533: 30 60 90 120 150 180 210 240 270 300
Case #534: 30 60 90 120 150 180 210 240 270 300
Case #535: 30 60 90 120 150 180 210 240 270 300
Case #536: 20 40 70 100 130 160 190 220 250 280
Case #537: 30 60 90 120 150 180 210 240 270 300
Case #538: 23 43 63 93 123 153 183 213 243 273
Case #539: 30 60 90 120 150 180 210 240 270 300
Case #540: 30 60 90 120 150 180 210 240 270 300
Case #541: 20 50 80 110 140 170 200 230 260 290
Case #542: 30 60 90 120 150 175 195 215 240 260
Case #543: 30 60 90 120 144 164 184 214 244 274
Case #544: 30 60 90 120 150 174 194 214 244 274
Case #545: 30 60 90 120 150 180 210 240 270 300
Case #546: 30 60 90 120 150 180 210 240 270 300
Case #547: 30 60 90 120 150 180 210 240 270 300
Case #548: 30 60 90 120 150 180 210 240 270 300
Case #549: 30 60 90 120 150 180 210 240 270 300
Case #550: 30 60 90 120 150 180 210 240 270 300
Case #551: 30 60 90 120 150 180 210 240 270 300
Case #552: 30 60 90 120 150 180 210 240 268 288
Case #553: 30 60 90 120 150 180 210 240 270 300
Case #554: 30 60 90 120 150 180 210 240 270 300
Case #555: 30 60 90 120 150 180 210 240 270 300
Case #556: 30 60 90 120 150 180 210 240 270 300
Case #557: 30 60 90 120 150 180 210 235 255 275
Case #558: 30 60 90 120 150 180 210 240 270 300
Case #559: 30 60 90 120 142 162 182 212 242 272
Case #560: 30 60 90 120 150 180 210 240 270 300
Case #561: 30 60 90 120 150 180 210 240 270 300
Case #562: 30 60 90 120 149 169 189 219 249 279
Case #563: 20 50 80 110 140 170 200 230 260 290
Case #564: 30 60 90 120 150 180 210 240 270 300
Case #565: 30 60 87 107 127 157 187 217 247 268
Case #566: 30 60 90 120 150 180 210 240 270 300
Case #567: 30 60 90 120 146 166 186 216 246 276
Case #568: 30 50 70 90 120 150 180 210 240 270
Case #569: 30 60 90 120 150 180 210 240 270 300
Case #570: 30 60 90 120 150 180 210 240 270 300
Case #571: 30 60 90 120 150 180 210 240 270 300
Case #572: 30 60 90 120 150 180 210 240 270 300
Case #573: 30 60 90 120 150 180 210 240 270 300
Case #574: 30 60 90 120 150 180 210 240 270 300
Case #575: 30 60 90 120 150 180 210 240 270 295
Case #576: 30 60 90 120 150 180 210 240 270 300
Case #577: 30 60 90 120 150 180 207 227 247 277
Case #578: 30 60 90 120 150 180 210 240 270 300
Case #579: 30 60 90 120 150 180 210 240 270 300
Case #580: 30 60 90 120 150 180 210 240 270 300
Case #581: 30 53 73 93 123 153 183 209 229 249
Case #582: 30 60 90 120 150 180 210 240 270 300
Case #583: 30 60 90 120 150 180 210 240 270 300
Case #584: 20 40 70 100 130 160 183 203 223 243
Case #585: 30 60 90 120 150 180 210 240 270 300
Case #586: 30 60 90 120 150 180 210 240 262 282
Case #587: 30 60 90 120 150 180 210 240 270 300
Case #588: 29 49 69 99 129 159 189 219 249 279
Case #589: 30 60 90 120 150 180 210 240 270 300
Case #590: 30 60 90 120 150 180 202 222 242 262
Case #591: 30 60 90 120 150 180 210 240 270 300
Case #592: 20 50 80 110 140 170 200 230 260 290
Case #593: 30 60 90 120 150 180 210 240 270 300
Case #594: 30 60 90 115 132 139 169 199 229 259
Case #595: 30 60 90 120 150 180 210 240 270 300
Case #596: 30 60 90 120 150 180 210 240 270 300
Case #597: 30 60 90 120 150 180 210 240 270 300
Case #598: 30 60 90 120 150 180 210 240 270 300
Case #599: 20 44 61 68 88 118 148 178 208 238
Case #600: 8 38 68 93 111 119 139 159 189 218
Case #601: 25 45 65 84 93 119 139 159 176 183
Case #602: 20 30 36 54 74 94 114 135 155 175
Case #603: 22 42 62 92 122 147 167 184 191 200
Case #604: 6 26 46 76 106 136 166 196 226 256
Case #605: 30 60 88 108 128 148 162 177 182 192
Case #606: 24 44 64 84 94 114 140 160 180 200
Case #607: 20 40 52 56 76 96 116 146 176 200
Case #608: 18 26 31 51 81 111 133 153 173 203
Case #609: 20 45 60 65 83 91 111 131 151 171
Case #610: 4 34 60 80 100 130 155 175 195 225
Case #611: 20 40 60 90 120 146 163 170 175 178
Case #612: 20 45 65 85 115 145 175 203 223 241
Case #613: 21 37 43 51 61 68 93 113 133 153
Case #614: 30 60 90 120 150 180 201 221 241 259
Case #615: 16 36 64 84 104 124 144 164 181 188
Case #616: 28 48 68 98 128 158 181 200 209 229
Case #617: 21 39 47 71 91 111 130 139 159 179
Case #618: 17 24 54 84 114 144 165 185 200 208
Case #619: 20 40 59 68 98 123 143 163 193 223
Case #620: 12 24 41 51 56 70 74 104 134 162
Case #621: 20 40 59 68 80 87 105 113 143 173
Case #622: 30 60 87 107 127 157 187 217 247 277
Case #623: 30 60 87 107 127 147 167 197 227 256
Case #624: 20 50 74 94 113 122 140 149 169 185
Case #625: 20 34 38 68 98 126 146 166 185 194
Case #626: 30 51 71 91 120 139 148 178 205 222
Case #627: 20 35 40 66 86 100 120 150 174 194
Case #628: 30 60 90 112 132 151 160 186 206 226
Case #629: 30 57 74 81 110 130 148 156 186 216
Case #630: 30 60 90 120 150 180 210 238 258 278
Case #631: 30 60 90 120 150 178 197 206 226 246
Case #632: 4 24 51 71 91 111 127 133 151 162
Case #633: 30 60 90 113 133 153 175 195 215 245
Case #634: 26 46 60 69 99 128 147 156 161 191
Case #635: 7 27 39 59 89 119 141 161 181 211
Case #636: 2 22 35 39 54 73 93 123 153 180
Case #637: 20 31 39 69 99 129 159 189 219 249
Case #638: 30 50 69 78 96 106 111 119 135 149
Case #639: 30 53 67 71 101 129 147 155 173 181
Case #640: 17 24 34 44 48 67 76 106 135 154
Case #641: 20 34 54 76 96 116 146 176 198 218
Case #642: 20 37 44 57 60 90 111 131 151 179
Case #643: 30 60 86 106 126 139 142 162 181 190
Case #644: 9 28 37 67 97 127 155 175 186 206
Case #645: 20 50 75 92 99 119 149 179 209 233
Case #646: 20 40 55 75 95 110 127 136 154 162
Case #647: 30 55 72 79 109 139 169 199 223 243
Case #648: 20 38 46 62 68 72 91 100 116 122
Case #649: 30 60 90 120 150 176 195 204 220 226
Case #650: 30 54 69 74 94 109 129 159 189 219
Case #651: 16 22 41 50 70 92 112 132 162 186
Case #652: 30 53 73 92 101 121 136 141 155 159
Case #653: 25 45 65 95 119 135 141 159 167 187
Case #654: 20 40 70 93 106 109 114 139 159 174
Case #655: 30 60 90 120 150 175 195 212 229 249
Case #656: 20 38 46 66 86 114 134 154 184 214
Case #657: 9 22 32 36 66 96 125 145 163 183
Case #658: 20 40 56 62 70 90 110 140 165 185
Case #659: 20 40 53 56 65 65 85 105 125 145
Case #660: 29 48 57 68 88 108 119 139 159 179
Case #661: 20 50 77 97 110 128 137 150 153 183
Case #662: 30 60 90 120 150 176 196 216 246 276
Case #663: 18 38 68 95 113 121 138 146 155 175
Case #664: 15 20 50 80 101 121 138 158 178 190
Case #665: 30 60 80 100 120 150 180 210 238 258
Case #666: 10 13 23 29 50 63 66 86 116 146
Case #667: 30 60 90 113 133 147 162 169 189 213
Case #668: 5 25 38 42 70 89 98 118 130 150
Case #669: 4 12 21 51 81 111 132 152 172 202
Case #670: 3 28 47 56 76 100 120 140 157 164
Case #671: 8 38 61 75 79 87 95 115 135 155
Case #672: 20 30 41 51 54 74 95 108 111 131
Case #673: 9 29 48 57 87 117 147 168 188 202
Case #674: 17 24 44 74 104 134 156 176 196 216
Case #675: 6 15 32 48 54 84 114 144 173 193
Case #676: 5 25 35 55 75 95 125 155 180 199
Case #677: 14 18 48 70 90 105 113 133 153 183
Case #678: 17 24 44 64 84 102 110 117 136 145
Case #679: 30 60 90 120 150 171 187 193 213 226
Case #680: 15 20 25 43 51 71 91 115 135 155
Case #681: 19 39 59 76 96 116 132 149 157 177
Case #682: 23 43 59 70 86 101 107 137 164 184
Case #683: 6 26 46 70 87 94 99 129 159 189
Case #684: 7 27 47 67 97 127 157 185 204 213
Case #685: 20 43 61 69 88 97 127 157 187 210
Case #686: 3 4 11 29 37 52 57 85 105 125
Case #687: 18 26 56 86 116 145 165 181 188 208
Case #688: 22 37 42 62 88 108 128 157 176 185
Case #689: 20 40 70 100 130 160 190 220 245 262
Case #690: 20 40 60 80 110 140 169 188 197 226
Case #691: 20 50 80 101 121 141 171 195 215 235
Case #692: 30 50 66 72 92 112 123 137 146 168
Case #693: 9 29 49 69 99 129 159 189 219 249
Case #694: 9 23 28 48 61 70 100 130 160 185
Case #695: 14 22 41 50 80 110 140 163 180 187
Case #696: 20 40 60 71 91 111 123 143 163 183
Case #697: 11 13 35 55 71 82 87 107 127 147
Case #698: 20 40 70 100 130 157 175 183 213 243
Case #699: 30 60 90 113 133 153 173 193 213 239
Case #700: 18 26 56 86 116 146 176 206 226 236
Case #701: 30 60 90 110 130 150 180 210 240 270
Case #702: 30 52 69 76 96 116 136 166 191 211
Case #703: 30 55 75 95 125 145 165 185 211 231
Case #704: 30 60 90 113 129 135 155 174 194 224
Case #705: 30 60 90 119 138 147 167 187 217 247
Case #706: 30 60 80 91 92 122 152 182 212 241
Case #707: 30 60 90 120 145 165 185 215 245 275
Case #708: 30 60 90 120 150 174 194 214 244 271
Case #709: 30 60 90 120 150 180 201 221 241 271
Case #710: 7 37 67 97 121 141 158 175 195 225
Case #711: 20 36 56 77 97 117 147 171 191 211
Case #712: 30 60 90 120 150 180 210 230 250 266
Case #713: 30 60 80 94 98 107 127 147 167 181
Case #714: 30 55 75 95 124 144 164 194 224 254
Case #715: 30 60 90 120 147 167 179 199 229 259
Case #716: 24 44 56 63 83 113 141 161 181 211
Case #717: 30 50 70 90 120 150 180 210 240 265
Case #718: 26 46 66 96 126 156 186 207 227 247
Case #719: 30 60 88 108 128 144 150 171 190 199
Case #720: 20 50 80 110 138 156 164 189 209 229
Case #721: 30 60 90 120 150 171 184 187 195 196
Case #722: 20 50 80 110 140 166 186 206 236 266
Case #723: 20 40 70 95 115 135 155 167 171 180
Case #724: 30 60 90 114 130 136 154 162 192 218
Case #725: 30 50 70 83 101 110 140 170 200 228
Case #726: 30 60 90 113 130 137 167 191 210 219
Case #727: 20 33 53 73 84 104 134 156 172 178
Case #728: 20 40 70 94 114 134 154 174 204 234
Case #729: 30 50 70 90 110 130 160 184 204 224
Case #730: 20 50 72 92 112 142 172 201 221 241
Case #731: 20 50 80 107 127 147 168 188 208 230
Case #732: 30 60 90 111 131 141 152 155 177 197
Case #733: 30 60 90 120 145 165 185 215 245 275
Case #734: 28 48 68 98 128 158 188 214 234 244
Case #735: 20 40 60 90 120 144 160 166 196 226
Case #736: 26 46 60 77 84 110 130 150 180 205
Case #737: 20 50 80 109 129 149 169 187 207 232
Case #738: 11 20 50 80 110 140 160 177 184 214
Case #739: 30 60 90 120 150 180 210 240 261 281
Case #740: 20 50 80 110 140 170 200 230 260 290
Case #741: 30 60 90 119 139 159 189 219 249 279
Case #742: 20 40 60 75 95 118 138 158 188 218
Case #743: 30 52 72 92 122 152 182 212 242 266
Case #744: 20 40 60 78 86 106 136 166 196 226
Case #745: 20 40 60 84 100 106 126 156 186 216
Case #746: 20 37 44 61 68 88 109 129 149 169
Case #747: 20 40 70 100 130 150 170 190 214 234
Case #748: 26 46 66 82 88 118 148 178 208 234
Case #749: 30 56 76 96 116 136 162 178 184 204
Case #750: 26 46 66 96 126 151 171 191 221 251
Case #751: 30 59 79 99 129 159 180 200 220 250
Case #752: 29 49 69 99 129 159 189 219 249 279
Case #753: 20 42 62 82 102 122 152 182 212 242
Case #754: 30 60 90 120 143 161 169 183 187 208
Case #755: 19 28 56 76 96 126 156 186 215 235
Case #756: 27 44 51 60 90 120 150 180 200 220
Case #757: 27 47 57 77 107 137 167 197 227 247
Case #758: 30 55 75 95 124 143 152 181 201 221
Case #759: 16 36 56 76 96 116 146 176 206 236
Case #760: 11 28 37 67 97 127 148 168 188 208
Case #761: 12 26 46 66 86 116 141 161 180 198
Case #762: 21 41 61 91 121 151 181 211 233 253
Case #763: 20 40 62 82 102 126 146 166 196 216
Case #764: 20 50 80 110 140 170 196 216 236 266
Case #765: 20 50 80 110 140 169 189 209 239 264
Case #766: 30 60 80 100 120 140 160 184 204 217
Case #767: 22 42 62 92 122 152 181 201 221 251
Case #768: 30 60 90 115 135 146 148 155 175 192
Case #769: 30 60 88 108 128 154 172 180 210 240
Case #770: 30 60 90 120 150 180 210 240 270 300
Case #771: 8 38 68 98 128 158 188 218 248 278
Case #772: 20 40 69 89 109 139 159 179 199 229
Case #773: 18 26 56 81 101 121 151 181 211 237
Case #774: 13 30 39 59 79 102 122 142 162 180
Case #775: 16 36 61 81 98 118 148 178 208 237
Case #776: 30 60 90 117 135 143 163 183 213 243
Case #777: 20 40 70 91 111 131 151 171 201 231
Case #778: 30 60 86 105 114 144 174 204 234 256
Case #779: 29 48 57 69 71 89 98 128 158 180
Case #780: 14 34 54 74 87 93 123 153 175 195
Case #781: 8 13 43 73 93 113 133 163 193 223
Case #782: 30 60 90 120 150 180 210 235 255 275
Case #783: 30 60 90 120 150 180 210 240 270 300
Case #784: 16 22 38 44 58 63 91 111 131 161
Case #785: 30 60 90 113 133 153 183 213 243 273
Case #786: 30 60 90 120 144 159 164 190 207 214
Case #787: 15 28 39 59 84 104 120 135 155 185
Case #788: 30 50 61 62 82 100 108 138 168 198
Case #789: 30 60 90 116 136 156 176 196 226 256
Case #790: 20 50 80 110 140 170 200 230 260 290
Case #791: 30 60 90 120 150 180 206 223 230 260
Case #792: 13 16 46 76 106 136 166 196 226 256
Case #793: 18 38 63 83 103 133 163 193 213 233
Case #794: 30 60 90 115 135 147 167 187 207 222
Case #795: 23 43 63 93 123 153 183 212 231 240
Case #796: 20 38 46 76 98 118 138 158 178 207
