796
20
5 4 1 3 0 7 4 5 3 0 2 5 2 4 5 0 7 1 4 4
19
9 0 4 0 8 0 4 5 7 0 10 4 1 7 1 6 3 5 4
17
10 7 2 9 1 10 10 7 1 8 0 7 0 10 10 4 2
12
10 10 10 10 10 10 10 10 10 10 10 10
20
6 3 0 1 6 1 6 1 7 2 5 2 0 4 2 7 9 0 2 1
20
6 0 2 7 8 0 0 9 7 2 2 5 0 6 4 3 3 2 8 0
20
5 4 4 2 3 0 1 0 8 0 6 1 1 7 7 2 2 7 7 2
20
2 4 2 7 9 0 8 0 9 0 3 4 5 4 7 2 8 1 0 6
20
5 4 1 3 0 7 4 5 3 0 2 5 2 4 5 0 7 1 4 4
20
9 0 8 1 1 3 9 0 9 0 0 4 4 1 3 2 8 1 2 6
20
1 5 7 1 8 1 5 0 3 4 1 1 7 0 7 2 2 7 9 0
20
1 5 3 1 7 1 3 6 6 3 8 0 5 0 9 0 8 1 9 0
20
8 0 3 2 6 3 9 0 4 1 9 0 1 1 9 0 6 2 4 5
20
0 1 0 8 4 4 8 1 4 3 0 8 8 1 7 0 3 6 6 2
20
3 4 1 0 3 2 7 0 3 3 8 1 0 6 0 4 6 3 5 3
20
1 7 4 4 9 0 6 0 9 0 1 2 6 0 0 7 9 0 3 4
20
3 5 2 2 4 4 7 1 1 8 6 2 4 4 3 4 0 1 0 7
20
7 2 2 6 0 3 3 2 2 3 3 3 6 2 4 2 0 4 6 1
20
8 1 5 2 0 8 8 0 0 4 9 0 6 1 3 2 9 0 4 5
20
4 2 9 0 9 0 2 2 6 1 7 1 6 2 6 3 9 0 8 0
20
7 1 2 4 0 1 4 5 3 4 5 1 8 0 3 5 0 8 6 3
20
0 5 0 1 3 3 3 6 9 0 1 7 5 3 4 2 8 1 5 0
20
7 2 9 0 3 5 7 1 5 2 0 3 5 1 2 2 9 0 2 2
20
2 1 9 0 3 5 1 3 9 0 0 7 8 1 5 0 5 2 4 5
20
6 0 6 2 4 1 4 5 2 6 4 0 7 1 3 4 2 3 7 2
20
7 2 6 3 0 3 7 1 2 7 4 0 5 2 9 0 7 0 2 6
20
3 6 5 3 3 0 2 3 0 0 1 8 0 3 9 0 4 2 7 2
20
1 3 6 1 6 2 9 0 1 7 6 1 9 0 2 6 0 4 2 7
20
9 0 1 7 0 0 7 0 0 6 5 4 9 0 5 3 0 8 4 3
20
8 0 5 2 1 1 6 1 9 0 0 3 0 2 3 4 0 2 3 1
20
2 1 3 3 2 6 7 2 9 0 1 4 4 2 7 2 5 1 1 5
20
6 0 0 5 2 3 5 1 9 0 6 3 1 5 5 4 8 1 4 2
20
2 5 9 0 8 1 3 5 3 6 5 3 5 1 8 0 5 2 5 2
20
8 0 8 1 8 0 9 0 6 0 9 0 3 3 6 2 7 1 8 0
20
4 4 6 0 1 0 7 1 9 0 7 1 7 1 2 2 4 5 2 0
20
1 6 2 7 0 6 9 0 1 0 2 7 4 3 7 2 9 0 2 1
20
5 1 0 4 8 0 9 0 0 1 1 6 1 8 9 0 7 2 6 1
20
6 3 3 6 4 1 3 5 4 4 9 0 6 3 7 1 0 5 7 1
20
9 0 2 1 2 4 2 5 2 7 7 1 5 2 4 4 3 3 6 1
20
0 8 2 2 6 0 4 3 9 0 0 1 2 6 1 8 1 6 1 6
20
1 5 9 0 1 2 8 1 1 1 7 2 1 4 9 0 1 6 5 4
20
0 9 8 0 1 4 9 0 8 0 8 0 7 1 1 8 8 0 9 0
20
4 4 9 0 1 8 0 4 8 0 9 0 7 1 4 5 7 2 7 2
20
5 3 0 7 0 5 0 7 8 0 9 0 5 4 8 0 7 2 3 5
20
8 1 0 5 8 0 5 2 2 2 5 0 6 1 5 2 4 4 3 3
20
4 0 3 3 8 0 0 5 2 3 3 0 1 4 3 5 9 0 7 2
20
4 2 9 0 1 2 8 1 4 5 1 4 3 2 6 2 7 1 5 4
20
2 1 4 2 9 0 3 3 6 2 9 0 0 3 8 1 4 4 8 1
20
1 2 7 2 5 1 0 5 8 0 2 1 0 4 0 6 1 6 8 0
20
3 3 3 2 9 0 5 3 6 1 3 4 7 1 5 4 4 0 9 0
20
1 3 0 9 0 0 0 9 8 0 0 5 9 0 9 0 3 3 0 9
20
8 1 9 0 7 1 0 9 3 0 6 3 4 1 9 0 0 6 3 4
20
8 1 0 1 6 3 9 0 1 8 0 0 6 0 5 1 0 3 0 2
20
9 0 8 1 8 0 0 1 2 1 9 0 3 1 7 0 3 0 3 6
20
7 0 7 1 6 3 7 1 2 5 3 1 0 2 3 1 2 5 8 1
20
0 7 0 5 2 1 1 1 5 2 5 2 3 0 3 5 7 0 3 0
20
5 2 0 8 3 1 1 7 2 0 7 0 2 4 5 3 8 0 6 1
20
8 1 4 5 8 0 3 4 6 2 3 1 1 4 6 1 8 0 1 2
20
0 5 3 6 9 0 3 0 9 0 8 0 6 1 0 9 7 0 6 3
20
7 2 9 0 3 4 9 0 3 3 8 1 3 5 6 0 9 0 2 7
20
7 1 2 3 7 1 7 0 8 1 4 2 2 2 3 0 6 1 8 0
20
7 0 6 3 1 1 7 0 2 4 6 2 9 0 5 4 6 0 4 1
20
3 3 9 0 4 0 0 7 8 1 1 2 9 0 9 0 3 6 3 0
20
7 1 4 3 7 0 2 5 0 8 4 3 8 1 2 6 3 6 8 1
20
8 0 6 0 5 1 0 7 8 0 4 0 7 2 5 2 4 5 7 0
20
4 2 7 2 9 0 6 3 4 2 6 1 1 1 1 4 3 4 3 2
20
4 5 3 3 6 1 7 0 7 1 6 1 4 4 4 2 0 8 3 3
20
6 0 1 6 7 1 4 5 6 1 3 5 1 4 3 6 9 0 5 1
20
6 3 8 1 4 0 8 0 0 3 5 1 3 2 7 2 6 0 5 4
20
7 1 1 4 0 9 8 1 2 5 3 2 1 5 3 6 5 3 9 0
20
5 0 3 4 7 2 6 0 0 3 7 0 8 0 3 5 5 2 4 2
20
7 1 7 1 7 2 0 2 5 4 7 1 1 1 8 1 1 6 3 1
20
0 4 4 5 7 1 1 3 0 1 4 5 2 1 0 0 9 0 4 5
20
9 0 4 2 7 0 2 4 4 1 6 1 5 3 8 1 9 0 0 2
20
1 3 2 0 9 0 1 1 9 0 3 4 5 4 3 0 6 3 9 0
20
2 0 3 1 1 3 4 0 7 0 3 2 0 2 4 4 4 5 0 8
20
7 2 7 2 5 1 1 5 6 1 0 7 5 3 0 1 5 4 5 0
20
7 0 3 1 1 1 4 2 8 0 5 3 4 0 7 0 1 3 4 3
20
5 2 4 0 6 3 5 1 8 0 1 3 7 0 5 4 7 0 4 2
20
3 3 9 0 1 8 4 3 9 0 1 7 6 2 7 0 3 5 8 0
20
2 6 9 0 7 1 4 2 6 3 2 4 5 4 9 0 6 0 8 1
20
7 1 2 5 0 9 7 0 7 2 2 6 1 7 9 0 3 5 1 5
20
7 2 9 0 7 2 2 3 9 0 9 0 0 8 1 4 9 0 1 4
20
1 6 7 0 9 0 7 2 7 1 0 8 9 0 1 7 6 2 5 2
20
5 0 0 9 2 3 8 0 2 6 4 2 2 5 0 9 7 0 2 6
20
1 3 5 3 2 6 3 2 2 5 1 7 9 0 9 0 2 7 1 3
20
5 4 4 3 1 8 0 1 8 0 1 6 2 7 1 8 0 1 7 2
20
8 1 1 0 3 4 9 0 3 6 6 0 6 3 7 0 1 3 1 1
20
4 4 5 4 1 6 1 2 0 5 9 0 8 1 1 3 7 0 9 0
20
3 4 2 4 8 1 2 3 3 6 3 0 0 3 7 1 2 4 7 0
20
4 4 5 4 6 1 4 3 2 6 8 0 6 1 1 5 0 4 4 4
20
1 8 3 0 5 0 2 2 8 1 5 1 9 0 5 1 0 2 0 7
20
7 2 9 0 0 6 2 5 9 0 9 0 3 5 9 0 7 1 1 6
20
1 7 8 0 4 4 7 1 0 8 7 1 3 6 1 0 0 2 9 0
20
0 9 5 2 6 3 5 4 4 3 8 1 9 0 1 5 4 5 2 5
20
4 3 6 0 1 2 9 0 3 6 0 3 0 0 9 0 9 0 5 2
20
2 0 6 1 9 0 2 6 8 0 8 1 5 1 8 1 2 3 5 2
20
2 4 0 5 6 2 8 0 4 2 9 0 0 7 7 1 0 2 3 4
20
3 0 6 1 9 0 1 6 5 4 9 0 5 4 8 1 4 3 6 2
20
5 3 1 2 5 0 5 2 2 7 1 5 0 4 4 1 0 9 7 2
20
6 1 4 3 6 2 7 1 1 6 5 3 3 2 4 4 7 1 3 4
20
1 5 4 1 7 1 2 2 3 1 5 0 3 4 4 0 4 0 5 3
20
1 5 8 0 0 0 8 1 1 1 4 1 6 3 3 0 2 1 8 1
21
9 1 5 5 6 4 5 5 0 10 8 2 0 10 2 8 6 4 7 3 1
21
9 1 0 10 3 4 5 5 5 5 6 4 5 5 1 9 5 4 7 3 8
21
8 2 6 4 5 5 1 9 1 9 3 4 6 4 7 0 5 5 2 8 8
21
5 5 3 7 9 1 5 5 9 1 3 7 7 3 8 2 6 4 7 3 0
21
8 2 1 9 3 7 0 10 7 3 0 2 5 5 3 7 1 9 2 8 9
21
2 8 1 9 3 7 2 8 8 2 8 2 0 10 2 8 3 7 6 4 8
21
0 10 7 3 6 4 6 4 3 7 9 1 0 10 4 6 3 7 6 4 1
21
3 7 5 5 8 2 8 2 8 2 2 6 2 8 5 5 9 1 2 8 8
21
6 4 3 7 9 1 9 0 5 5 1 9 7 3 6 4 0 10 7 3 9
21
4 6 8 2 3 7 2 8 2 8 6 4 8 2 3 7 5 5 2 8 1
21
3 7 4 6 0 10 8 2 3 7 2 8 4 6 2 8 6 4 9 1 8
21
6 4 1 9 7 3 2 8 3 7 9 1 7 3 0 1 5 5 2 8 4
21
4 0 8 2 3 5 1 9 7 3 1 9 1 9 1 9 9 1 6 4 2
21
5 5 4 6 5 5 5 5 9 1 9 1 2 8 0 10 8 2 9 1 1
21
0 10 8 2 9 1 7 3 6 4 1 9 8 2 3 7 5 5 2 8 0
20
1 9 1 9 4 6 2 8 9 1 3 7 5 5 9 1 9 1 3 1
21
4 6 6 4 6 4 7 3 2 8 1 9 1 9 1 9 3 7 1 9 8
21
9 1 1 9 3 7 6 4 4 6 9 1 8 2 3 7 9 1 6 4 6
21
3 7 4 6 5 5 9 1 3 7 9 1 6 4 4 6 0 10 2 8 0
21
4 6 2 8 5 5 1 9 0 10 9 1 0 10 9 1 6 4 0 10 9
21
8 2 2 8 6 4 1 9 7 3 7 3 7 2 0 10 3 7 6 4 6
21
0 10 7 3 9 1 4 6 4 6 9 1 2 8 4 6 2 8 5 5 7
21
8 2 3 7 6 4 1 9 0 10 7 3 3 7 7 2 5 5 0 10 5
21
7 3 9 1 3 4 0 10 3 7 4 6 4 6 0 10 0 10 9 1 0
21
6 4 1 9 3 7 8 2 7 3 9 1 6 4 2 8 8 2 0 10 4
20
8 2 3 7 3 7 0 10 6 4 3 7 2 8 5 5 6 4 7 1
21
0 10 7 3 6 4 4 6 0 10 9 1 2 8 4 6 1 9 7 3 7
21
5 5 6 4 4 6 5 5 3 7 6 4 9 1 4 6 4 6 7 3 7
21
9 1 5 5 6 4 6 4 5 5 3 7 5 5 8 2 4 6 4 6 7
21
7 3 7 3 7 3 2 8 1 9 6 4 0 10 9 1 9 1 8 2 9
21
7 3 4 6 5 5 6 4 3 7 5 5 6 4 6 4 5 5 5 5 7
21
2 8 6 4 2 8 5 5 2 8 5 5 9 1 2 3 3 7 3 7 4
21
1 9 1 9 1 9 1 9 3 7 1 9 0 10 4 6 1 9 2 8 8
21
1 9 8 2 8 2 3 6 4 6 8 2 2 8 2 8 4 6 3 7 6
21
0 10 2 8 0 10 3 7 1 9 1 9 6 4 9 1 3 7 7 3 2
21
0 10 9 1 3 7 6 4 9 1 0 10 5 5 2 8 1 9 3 7 9
21
9 1 6 4 3 7 7 3 3 7 5 5 6 4 2 8 4 6 5 5 8
21
3 7 6 4 9 1 3 7 4 6 9 1 1 9 0 10 2 8 1 9 9
21
2 8 3 7 9 1 4 6 6 4 9 1 3 7 1 9 5 5 9 1 9
21
2 8 7 3 7 3 7 3 6 4 1 9 3 7 3 7 7 3 4 6 8
21
1 9 9 1 4 6 6 4 4 6 2 8 6 4 8 2 3 7 1 9 1
21
7 3 2 8 0 10 5 5 4 6 1 9 5 5 4 6 7 3 9 1 5
21
9 1 1 9 4 6 1 9 2 8 8 2 8 2 9 1 6 4 6 4 2
21
1 9 6 4 3 7 8 2 6 4 2 8 4 6 8 2 3 5 3 7 5
21
1 9 1 9 5 5 1 9 9 1 9 1 4 6 0 10 2 0 6 4 1
21
1 9 7 3 3 7 3 7 3 7 6 4 2 8 6 4 4 6 9 1 9
21
6 4 9 1 2 8 2 8 7 3 0 10 6 4 0 10 5 5 8 2 1
21
9 1 7 3 2 8 4 6 3 7 6 4 5 5 1 9 8 2 6 4 9
21
5 5 0 0 0 10 3 7 6 4 4 6 1 9 7 3 2 8 6 4 4
21
8 2 1 9 2 8 6 4 5 5 1 9 1 9 8 2 5 5 4 6 8
21
7 3 2 8 1 9 8 2 1 9 6 4 8 2 9 1 8 2 9 1 5
21
9 1 9 1 8 2 3 7 5 5 8 2 3 7 4 6 1 9 8 2 0
21
7 3 3 7 8 2 9 1 6 4 9 1 6 4 6 4 0 10 6 4 6
21
2 8 1 9 7 3 4 6 8 2 4 6 6 4 7 3 7 3 7 3 4
21
0 10 6 4 5 5 7 3 5 5 5 5 3 7 3 7 0 10 4 6 3
21
8 0 3 7 6 4 0 10 7 3 8 2 3 7 2 8 5 5 5 5 0
21
4 6 4 6 6 4 6 4 9 1 5 5 6 4 0 10 1 8 6 4 0
21
5 5 0 10 7 3 5 5 3 7 3 7 4 6 1 9 0 10 2 8 8
21
0 10 5 5 4 6 3 7 6 4 5 5 8 2 4 6 8 2 5 5 3
21
6 4 6 4 7 3 5 5 8 2 3 7 1 9 5 5 3 7 0 10 3
21
1 9 6 4 8 2 1 9 3 7 8 2 1 9 0 10 1 3 7 3 5
21
5 5 8 2 6 4 5 5 4 6 8 2 6 4 3 7 3 7 2 8 2
21
4 6 7 3 5 5 8 2 5 5 3 7 2 8 9 1 3 7 2 8 7
21
6 4 4 2 3 7 1 9 8 2 2 8 2 8 4 6 8 2 9 1 7
21
1 9 4 6 6 2 5 5 8 2 5 5 3 7 7 3 0 10 7 3 6
21
6 4 8 2 3 7 2 8 4 6 3 7 8 2 0 10 9 1 8 2 0
21
6 4 1 9 0 10 8 2 3 7 4 6 9 1 3 7 3 7 4 6 2
21
3 7 5 5 9 1 8 2 8 2 9 1 9 1 3 7 7 3 2 8 9
21
4 6 1 9 3 7 1 9 9 1 2 8 5 5 6 4 1 9 8 2 4
21
5 5 8 2 9 1 9 0 0 10 0 10 9 1 6 4 6 4 0 10 4
21
4 6 7 3 9 1 6 4 6 4 7 3 1 9 0 9 2 8 0 10 0
21
5 5 7 3 8 2 0 10 8 2 9 1 5 5 5 5 1 9 3 7 4
21
4 6 4 6 5 5 1 9 0 10 6 4 2 8 8 2 0 10 2 8 4
21
1 9 6 4 5 5 8 2 4 6 8 2 3 7 3 7 7 3 7 3 3
21
9 1 9 0 3 7 8 2 6 4 6 4 9 1 2 8 9 1 2 8 1
21
9 1 8 2 4 6 7 3 3 7 7 3 6 4 3 2 9 1 1 9 9
21
9 1 6 4 6 4 8 2 8 2 8 2 3 7 6 4 9 1 4 6 6
21
4 6 0 10 3 7 7 3 5 5 3 7 3 7 4 6 6 4 5 5 4
21
6 4 6 4 0 10 6 4 2 8 3 7 8 2 7 3 8 2 6 4 6
21
2 8 5 5 8 2 6 4 7 3 5 5 9 1 6 4 0 10 0 10 8
21
4 6 2 8 6 4 6 4 7 3 4 6 5 5 3 7 1 9 8 2 7
21
5 5 4 6 3 7 1 9 8 2 3 7 5 5 2 8 3 7 2 8 8
21
5 5 9 1 0 10 2 8 1 9 2 8 4 6 6 4 7 3 3 7 1
21
2 8 1 9 1 9 9 1 8 2 1 9 7 3 4 6 5 0 5 5 1
21
7 2 0 10 8 2 9 1 3 7 2 8 2 8 6 4 5 5 8 2 9
21
8 2 9 1 6 4 0 10 1 9 0 10 2 8 8 2 6 4 2 8 0
21
4 6 0 10 8 2 7 3 5 5 1 9 5 5 6 4 1 9 4 6 9
21
8 1 8 2 3 7 3 7 0 10 1 9 7 3 5 5 3 7 8 2 0
21
6 4 5 5 1 9 3 7 6 4 7 3 6 4 9 0 7 3 6 4 3
21
3 7 5 5 7 3 7 3 3 7 8 2 9 1 4 6 2 8 4 6 3
21
1 9 3 7 2 8 0 10 5 5 9 1 0 10 3 7 9 1 8 2 3
21
6 4 7 3 8 2 8 2 5 5 7 3 5 5 5 5 1 9 3 7 5
21
6 4 5 5 5 5 0 10 0 7 2 8 6 4 8 2 7 3 1 9 1
21
3 7 2 8 1 9 2 8 3 7 0 10 3 7 6 4 3 7 2 8 0
21
2 8 8 2 6 4 2 8 7 3 2 8 9 1 2 8 1 9 8 2 6
21
9 1 3 7 6 4 2 8 0 10 7 3 0 10 0 10 2 8 7 3 8
20
1 9 0 10 2 8 2 8 2 8 2 4 3 7 6 4 2 8 2 7
21
1 9 6 4 0 10 3 7 9 1 1 9 7 3 5 5 5 5 8 2 9
21
9 1 3 7 1 9 7 3 6 4 1 9 4 6 1 9 1 9 8 2 2
12
10 10 10 10 10 10 10 10 10 10 10 10
12
10 10 10 10 10 10 10 10 10 10 5 2
12
10 10 10 10 10 10 10 10 10 10 10 10
12
10 10 10 10 10 10 10 10 10 10 10 10
12
10 10 10 10 10 10 10 10 10 10 3 1
12
10 10 10 10 10 10 10 10 10 10 10 10
14
10 10 6 2 10 10 2 6 10 10 10 10 10 10
13
10 10 10 0 1 10 10 10 10 10 10 10 10
12
10 10 10 10 10 10 10 10 10 10 10 10
12
10 10 10 10 10 10 10 10 10 10 10 10
12
10 10 10 10 10 10 10 10 10 10 10 10
13
10 10 10 10 5 0 10 10 10 10 10 0 1
13
10 10 9 0 10 10 10 10 10 10 10 10 10
12
10 10 10 10 10 10 10 10 10 10 10 10
12
10 10 10 10 10 10 10 10 10 10 10 10
12
10 10 10 10 10 10 10 10 10 10 10 10
12
10 10 10 10 10 10 10 10 10 10 10 10
12
10 10 10 10 10 10 10 10 10 10 10 10
12
10 10 10 10 10 10 10 10 10 10 10 10
13
10 10 9 0 10 10 10 10 10 10 10 10 10
13
10 5 0 10 10 10 10 10 10 10 10 10 10
13
10 10 0 5 10 10 10 10 10 10 10 10 10
13
10 10 7 2 10 10 10 10 10 10 10 10 10
12
10 10 10 10 10 10 10 10 10 10 10 1
12
10 10 10 10 10 10 10 10 10 10 10 10
12
10 10 10 10 10 10 10 10 10 10 10 10
12
10 10 10 10 10 10 10 10 10 10 10 10
12
10 10 10 10 10 10 10 10 10 10 10 10
14
10 10 10 0 2 10 10 10 0 7 10 10 10 10
12
10 10 10 10 10 10 10 10 10 10 10 10
13
10 10 4 5 10 10 10 10 10 10 10 10 10
12
10 10 10 10 10 10 10 10 10 10 10 10
13
10 10 10 10 10 10 10 1 3 10 10 2 4
12
10 10 10 10 10 10 10 10 10 10 10 10
12
10 10 10 10 10 10 10 10 10 10 10 8
12
10 10 10 10 10 10 10 10 10 10 10 10
13
10 10 10 10 10 4 5 10 10 10 10 10 10
13
10 10 10 10 10 10 9 0 10 10 10 10 10
12
10 10 10 10 10 10 10 10 10 10 10 10
12
10 10 10 10 10 10 10 10 10 10 10 10
12
10 10 10 10 10 10 10 10 10 10 10 10
12
10 10 10 10 10 10 10 10 10 10 10 10
12
10 10 10 10 10 10 10 10 10 10 10 10
12
10 10 10 10 10 10 10 10 10 10 10 10
13
10 10 10 10 10 10 10 10 2 7 10 10 10
12
10 10 10 10 10 10 10 10 10 10 8 0
12
10 10 10 10 10 10 10 10 10 10 10 10
12
10 10 10 10 10 5 1 10 10 10 0 3
12
10 10 10 10 10 10 10 10 10 10 6 3
12
10 10 10 10 10 10 10 10 10 10 10 10
13
10 10 10 10 0 6 10 10 10 10 10 10 10
14
8 0 10 10 10 10 10 10 10 4 4 10 10 10
13
10 10 10 6 2 10 10 10 10 10 10 10 10
12
10 10 10 10 10 10 10 10 10 10 10 10
13
7 0 10 10 10 10 10 10 10 10 10 10 10
13
10 2 4 10 10 10 10 10 10 10 10 10 10
12
10 10 10 10 10 10 10 10 10 10 10 10
13
10 10 10 10 10 10 10 2 5 10 10 10 10
12
10 10 10 10 10 10 10 10 10 10 10 10
12
10 10 10 10 10 10 10 10 10 10 10 10
12
10 10 10 10 10 10 10 10 10 10 10 10
12
10 10 10 10 10 10 10 10 10 10 10 3
12
10 10 10 10 10 10 10 10 10 10 10 10
13
10 10 10 10 10 10 10 4 3 10 10 10 10
12
10 10 10 10 10 10 10 10 10 10 10 10
13
10 10 10 6 2 10 10 10 10 10 10 10 10
12
10 10 10 10 10 10 10 10 10 10 10 10
12
10 10 10 10 10 10 10 10 10 10 4 1
12
10 10 10 10 10 10 10 10 10 10 10 10
12
10 10 10 10 10 10 10 10 10 10 10 10
12
10 10 10 10 10 10 10 10 10 10 10 10
12
10 10 10 10 10 10 10 10 10 10 9 0
12
10 10 10 10 10 10 10 10 10 10 10 10
12
10 10 10 10 10 10 10 10 10 10 10 10
12
10 10 10 10 10 10 10 10 10 10 10 10
12
10 10 10 10 10 10 10 10 10 10 10 10
13
10 10 10 10 10 10 10 10 1 6 10 10 10
13
10 10 10 10 10 6 2 10 10 10 10 10 10
12
10 10 10 10 10 10 10 10 10 10 10 10
12
10 10 10 10 10 10 10 10 10 10 9 0
12
10 10 10 10 10 10 10 10 10 10 10 10
12
10 10 10 10 10 10 10 10 10 10 10 10
12
10 10 10 10 10 10 10 10 10 10 10 10
13
10 10 10 6 0 10 10 10 10 10 10 10 10
12
10 10 10 10 10 10 10 10 10 10 10 10
12
10 10 10 10 10 10 10 10 10 10 10 10
12
10 10 10 10 10 10 10 10 10 10 10 10
12
10 10 10 10 10 10 10 10 10 10 10 10
12
10 10 10 10 10 10 10 10 10 10 10 10
12
10 0 8 10 10 10 10 10 10 10 7 2
13
10 10 10 10 10 10 3 3 10 10 10 10 10
13
10 10 10 10 10 2 4 10 10 10 10 10 10
12
10 10 10 10 10 10 10 10 10 10 10 10
12
10 10 10 10 10 10 10 10 10 10 10 10
13
10 10 10 10 10 10 10 5 0 10 10 10 10
13
10 10 10 10 0 1 10 10 10 10 10 10 10
13
10 10 10 10 1 0 10 10 10 10 10 10 10
12
10 10 10 10 10 10 10 10 10 10 0 4
13
10 10 10 0 3 10 10 10 10 10 10 10 10
15
10 4 6 10 4 6 10 10 10 10 2 2 5 5 10
15
10 10 10 10 10 9 0 4 2 9 0 10 0 10 10
17
10 10 7 0 6 4 3 2 10 10 4 5 8 2 5 5 10
16
10 7 3 6 0 10 5 5 10 10 10 8 2 10 10 10
16
9 0 9 1 10 5 5 5 3 10 10 10 9 0 3 5
16
10 7 3 0 10 6 0 10 10 7 2 10 5 3 0 6
17
1 2 10 2 4 10 10 8 2 0 7 6 4 10 10 3 2
11
10 10 10 10 10 10 10 10 10 9 0
17
2 8 1 0 10 3 7 4 6 10 8 2 10 10 10 2 8
17
10 6 2 10 3 7 10 0 7 2 8 10 9 1 10 3 6
18
1 4 9 1 4 0 7 1 7 1 6 4 10 10 10 10 10 5
13
10 10 3 7 5 3 10 10 10 10 10 2 6
18
10 5 5 10 4 6 0 10 1 9 6 1 10 7 0 10 8 1
18
10 2 8 10 7 2 0 10 8 2 0 10 3 7 6 4 6 0
18
0 5 8 0 8 2 8 2 10 3 7 10 10 8 2 1 9 10
19
5 5 6 4 7 3 10 2 8 0 10 10 2 8 2 8 5 5 7
15
10 5 5 10 10 10 3 7 6 4 10 10 10 8 1
16
6 4 10 10 4 4 2 7 10 2 5 10 10 2 8 1
18
6 3 10 4 4 2 8 7 3 8 2 7 0 10 10 1 9 9
17
10 0 10 10 1 6 8 2 10 5 4 1 9 10 10 2 8
16
1 9 8 1 7 3 10 9 0 10 8 2 10 10 9 0
17
5 2 10 10 4 6 6 4 3 7 4 2 10 10 10 0 6
19
0 10 6 4 5 5 6 0 0 10 6 1 10 10 3 5 10 10 4
15
10 4 3 10 4 0 10 6 3 10 10 7 0 0 1
13
10 10 10 0 5 10 10 10 10 10 10 9 1
16
10 9 1 10 10 2 8 6 4 10 10 1 9 10 10 3
15
10 6 4 0 7 10 10 10 10 6 4 8 2 6 0
16
7 3 6 4 10 10 7 3 10 10 8 2 10 9 1 10
14
8 2 10 10 6 4 10 10 10 10 1 9 1 5
18
0 10 7 0 1 1 10 9 0 10 8 1 4 0 10 10 5 5
15
10 7 3 10 6 2 10 9 1 5 5 10 10 7 2
15
10 10 10 10 6 4 6 4 3 2 5 0 10 3 6
17
7 3 10 8 2 8 1 10 9 0 10 8 2 1 9 9 0
17
0 9 10 4 5 5 1 5 1 10 10 7 2 1 9 2 7
15
10 10 10 3 3 3 5 1 9 10 10 10 10 1 3
15
10 2 8 10 3 4 8 0 10 10 10 10 10 10 6
15
10 0 10 10 10 5 4 10 10 10 5 4 3 7 7
16
10 8 2 1 2 1 4 10 10 4 6 10 0 10 0 1
17
4 3 10 10 10 2 7 10 3 4 1 5 5 5 10 6 3
14
10 10 7 2 10 10 10 10 8 2 10 0 10 8
19
10 2 8 5 5 8 2 5 3 6 3 2 8 3 7 10 4 6 10
15
10 9 0 4 6 10 10 10 10 3 7 7 1 5 2
15
5 3 10 4 1 1 4 10 10 10 3 7 10 5 2
18
1 9 5 0 10 3 7 3 3 5 5 10 10 5 5 0 10 5
16
10 10 0 4 5 5 1 0 10 10 3 7 10 10 1 2
15
10 2 8 10 10 10 10 2 5 0 0 2 4 4 2
13
10 10 10 1 5 10 10 10 10 10 10 9 0
18
8 1 3 7 10 10 7 0 0 6 10 8 1 8 0 10 10 5
14
10 10 0 9 10 10 10 9 1 10 8 0 6 3
17
10 8 0 6 2 5 5 10 10 0 10 4 2 10 10 4 4
17
10 10 4 6 4 1 2 5 1 3 10 0 10 10 10 10 9
16
10 0 10 9 1 9 0 10 10 10 1 9 10 10 10 10
17
2 8 9 0 10 6 1 10 4 5 10 3 7 10 10 10 5
17
10 9 0 7 3 7 2 9 0 7 1 5 2 10 10 2 0
16
10 10 9 1 7 1 10 10 0 8 10 6 4 8 2 1
16
10 7 3 1 3 10 8 0 10 10 10 0 10 5 5 1
18
3 2 8 0 7 0 10 10 9 0 10 3 7 9 0 10 9 0
17
0 9 10 9 1 10 7 0 5 5 9 1 4 2 10 1 2
17
7 2 10 7 2 4 6 6 1 5 0 10 10 4 6 8 0
15
10 3 7 0 6 10 10 10 9 1 10 3 0 2 1
17
10 10 10 0 0 4 6 10 2 1 5 5 3 7 9 1 10
16
8 0 10 1 1 10 4 4 10 10 0 10 9 1 6 2
14
10 10 10 10 10 10 6 4 5 3 9 0 5 0
15
2 2 10 10 10 5 5 10 3 7 10 10 10 10 7
16
4 3 1 9 10 8 1 10 7 2 10 0 4 10 6 1
17
10 10 0 10 9 0 10 2 3 10 5 2 6 0 10 10 10
16
10 7 3 9 0 10 1 1 8 1 7 3 10 10 6 1
17
10 10 10 4 6 3 1 9 0 0 10 10 2 7 10 9 1
16
10 9 1 10 10 1 9 10 6 3 9 0 0 10 3 1
16
10 10 10 10 8 2 9 1 10 4 6 8 2 10 10 9
18
8 2 10 3 0 10 7 3 4 6 10 3 7 9 0 3 7 10
15
10 10 10 3 7 0 3 10 10 9 0 10 10 10 4
18
5 2 2 8 6 4 10 10 8 2 2 8 10 4 4 8 2 3
16
5 5 2 8 10 3 7 10 0 10 10 10 10 10 10 10
15
9 0 10 10 10 10 1 8 9 0 10 10 10 10 5
15
3 2 10 10 10 1 9 10 4 2 10 10 10 10 10
18
7 0 2 8 10 6 4 1 2 10 6 4 3 7 10 10 10 4
15
10 4 3 10 10 10 4 6 9 1 10 8 2 1 5
16
3 3 10 4 6 10 10 3 7 10 10 6 4 10 4 3
17
4 6 8 0 10 10 5 5 10 2 8 5 4 10 10 0 10
20
9 0 2 8 10 3 7 0 0 9 1 3 5 5 5 4 6 10 10 10
17
10 10 5 2 10 10 2 8 6 4 1 1 1 9 10 10 10
15
10 10 10 5 5 10 10 10 2 5 4 4 10 10 10
17
10 10 1 8 0 10 6 3 4 6 9 1 4 5 10 6 2
17
10 10 10 1 2 4 6 0 1 10 3 5 9 0 3 7 9
17
3 7 10 10 9 0 10 8 2 5 0 1 6 1 5 2 3
17
7 3 10 7 1 10 6 4 2 0 3 6 10 10 6 4 4
18
7 3 0 2 8 2 2 8 10 10 1 9 3 3 10 10 7 3
18
10 10 1 9 3 7 8 1 7 2 5 3 4 6 10 10 7 3
15
0 10 0 0 10 10 10 10 2 1 10 10 4 6 3
14
10 6 0 6 4 10 10 10 10 10 10 0 10 9
17
3 7 10 10 0 10 10 0 9 7 2 10 6 4 10 4 1
18
7 3 0 5 8 2 10 10 9 1 1 9 9 1 10 10 10 2
20
6 0 9 1 9 1 8 0 9 1 2 8 10 3 0 4 5 0 10 1
17
10 10 9 1 10 2 8 10 7 3 5 1 8 1 10 0 10
18
10 10 10 4 0 0 4 7 1 7 2 1 4 2 8 5 5 10
14
10 10 10 5 4 10 10 10 10 1 5 10 7 2
17
2 8 3 6 10 8 0 1 7 10 0 9 10 10 10 0 10
12
10 10 10 10 10 10 10 10 10 10 10 10
12
10 10 10 10 10 10 10 10 10 10 10 10
14
10 10 10 1 9 4 6 10 10 10 10 10 10 10
13
10 10 10 10 9 1 10 10 10 10 10 10 10
14
9 1 10 10 10 10 10 3 7 10 10 10 10 10
12
10 10 10 10 10 10 10 10 10 10 10 9
14
10 7 3 10 10 10 8 2 10 10 10 10 10 10
14
2 8 10 10 10 10 10 10 5 4 10 4 6 10
13
10 10 7 3 10 10 10 10 10 10 10 10 10
13
10 10 10 10 6 4 10 10 10 10 10 10 10
13
10 10 10 10 10 8 2 10 10 10 10 10 10
13
10 10 10 10 10 10 10 9 1 10 10 10 10
14
10 10 10 10 10 7 3 10 8 2 10 10 10 5
12
10 10 10 10 10 10 10 10 10 10 10 3
14
10 7 3 10 10 10 10 10 5 5 10 10 10 10
13
0 10 10 10 10 10 10 10 10 10 2 8 10
13
10 10 10 10 10 10 6 4 10 10 10 10 10
13
10 10 10 10 10 10 10 10 7 3 10 10 10
14
10 9 1 10 10 10 9 1 10 10 10 10 10 10
14
10 10 10 10 5 5 10 10 4 6 10 10 10 10
14
10 10 10 10 10 10 10 0 10 2 8 10 10 10
14
10 10 10 10 10 10 3 7 4 6 10 10 10 10
12
10 10 10 10 10 10 10 10 10 10 10 10
14
10 2 8 2 8 10 10 10 10 10 10 4 6 10
14
10 10 10 5 5 8 2 10 10 10 10 10 10 10
13
10 2 8 10 10 10 10 10 10 10 10 10 10
13
10 10 10 10 10 10 3 7 10 10 10 10 10
14
10 10 10 10 10 5 0 10 4 6 10 10 10 10
13
10 10 10 10 10 6 4 10 10 10 7 3 10
13
10 10 10 10 8 2 10 10 10 10 10 10 8
12
10 10 10 10 10 10 10 10 10 0 10 10
13
10 10 10 10 10 10 10 10 0 10 10 10 10
13
10 10 10 10 10 10 10 5 5 10 10 10 10
13
10 10 10 10 10 9 1 10 10 10 9 1 10
14
1 0 10 10 10 7 3 10 10 10 10 10 10 10
13
10 10 10 10 3 7 10 10 10 10 10 10 10
12
10 10 10 10 10 10 10 10 10 10 10 10
14
10 10 10 10 3 7 10 10 10 9 1 9 1 10
15
10 10 3 7 10 9 0 10 10 4 2 10 10 10 10
12
10 10 10 10 10 10 10 10 10 4 6 10
14
10 10 5 5 10 10 10 10 8 2 10 10 10 7
13
10 9 1 10 10 10 10 10 10 10 10 10 10
13
10 10 10 10 10 10 5 2 10 10 10 10 0
13
10 10 10 10 10 10 10 2 8 10 10 10 10
13
10 10 4 6 10 10 10 10 10 10 10 10 7
12
10 10 10 10 10 10 10 10 10 10 10 5
13
10 10 10 10 10 2 0 10 10 10 10 5 5
13
10 10 8 2 10 10 10 10 10 10 10 8 2
13
10 10 10 10 10 10 10 7 3 10 10 10 10
12
10 10 10 10 10 10 10 10 10 10 10 10
16
6 4 10 3 7 10 10 0 10 8 2 10 10 10 10 0
14
10 9 0 10 10 10 10 2 8 10 10 10 0 9
13
8 2 10 10 10 10 10 10 10 10 10 8 1
16
10 4 6 2 8 2 2 10 10 0 10 10 10 8 2 10
14
10 10 10 10 10 3 3 10 10 8 2 10 10 10
13
10 4 6 10 10 10 10 10 10 10 10 10 10
11
10 10 10 10 10 10 10 10 10 5 0
15
3 7 10 10 2 3 8 2 10 10 10 10 10 6 4
13
10 10 10 10 10 10 2 8 10 10 10 7 3
12
10 10 10 10 10 10 8 1 10 10 6 2
12
10 10 10 10 10 10 10 10 10 10 9 1
13
10 10 10 10 10 10 3 7 10 10 10 10 10
13
10 10 10 10 10 10 10 10 6 4 10 10 10
15
10 4 6 6 4 10 5 5 10 10 10 10 10 10 10
11
10 10 10 10 10 10 10 10 10 3 0
17
10 8 2 10 0 10 1 9 8 2 10 5 5 10 10 10 10
13
10 10 10 10 10 10 10 2 6 10 10 10 10
14
10 10 10 10 3 7 10 10 4 6 10 10 10 10
13
10 10 10 10 10 9 1 10 10 10 10 10 10
12
10 10 10 10 10 10 10 10 10 10 10 1
14
10 10 4 6 6 4 10 10 10 10 10 10 3 6
13
10 10 10 10 8 2 10 10 10 10 10 10 10
14
1 9 10 3 7 10 10 10 10 10 10 10 10 8
12
10 10 10 10 10 10 10 10 10 10 10 10
13
9 1 10 10 10 10 10 10 10 10 10 10 10
15
10 4 6 10 1 9 4 6 10 10 10 10 10 10 10
14
10 3 7 10 10 10 9 0 10 10 10 10 10 4
14
10 10 10 10 10 8 2 10 10 8 2 10 10 10
14
10 10 10 10 10 5 5 10 10 4 3 10 10 10
14
10 10 9 1 10 10 10 1 9 10 10 10 10 10
13
10 3 4 10 10 10 10 10 10 10 10 10 10
12
10 10 10 10 10 10 10 10 10 4 6 6
13
10 10 10 10 10 4 6 10 10 10 10 10 10
13
10 10 8 2 10 10 10 10 10 10 10 10 10
12
10 10 10 10 10 10 10 10 10 10 10 10
12
10 10 10 10 10 10 10 10 10 10 10 10
13
10 10 10 10 10 7 3 10 10 10 10 10 10
14
10 7 3 6 4 10 10 10 10 10 10 10 3 7
13
10 10 10 10 10 8 0 10 10 10 10 4 6
12
10 10 10 10 10 10 10 10 10 8 2 8
14
1 9 10 10 10 10 2 8 10 10 10 10 10 10
12
10 10 10 10 10 10 10 10 10 10 10 10
13
10 5 5 10 10 10 10 10 10 10 10 10 10
13
10 10 10 10 10 10 4 6 10 10 10 10 10
12
10 10 10 10 10 10 10 10 10 4 6 4
12
10 10 10 10 10 10 10 10 10 10 10 10
13
10 5 5 10 10 10 10 10 10 10 10 10 0
12
10 10 10 10 10 10 10 10 10 10 10 10
15
1 9 10 10 0 3 10 8 2 10 10 10 10 10 10
12
10 10 10 10 10 10 10 10 10 10 10 10
12
10 10 10 10 10 10 10 10 10 10 9 1
14
0 3 10 7 3 10 10 10 10 10 10 10 10 10
12
10 10 10 10 10 10 10 10 10 10 3 7
13
10 10 10 10 10 10 1 9 10 10 10 10 3
12
10 10 10 10 10 10 10 10 10 10 10 10
13
10 10 10 10 10 10 8 2 10 10 10 10 4
13
10 10 10 10 10 10 3 7 10 10 10 2 3
12
10 10 10 10 10 10 10 10 10 10 10 10
12
10 10 10 10 10 10 10 10 10 10 10 10
12
10 10 10 10 10 10 10 10 10 10 10 10
12
10 10 10 10 10 10 10 10 10 10 10 10
13
10 0 10 10 10 10 10 10 10 10 10 10 10
13
10 10 10 10 10 10 10 10 9 1 10 10 10
12
10 10 10 10 10 10 10 10 10 10 10 10
12
10 10 10 10 10 10 10 10 10 10 9 1
12
10 10 10 10 10 10 10 10 10 10 10 10
12
10 10 10 10 10 10 10 10 10 10 10 10
12
10 10 10 10 10 10 10 10 10 10 10 10
12
10 10 10 10 10 10 10 10 10 10 10 10
12
10 10 10 10 10 10 10 10 10 10 10 10
12
10 10 10 10 10 10 10 10 10 2 8 10
12
10 10 10 10 10 10 10 10 10 10 10 10
12
10 10 10 10 10 10 10 10 10 10 10 10
13
10 10 10 10 0 10 10 10 10 10 10 10 10
12
10 10 10 10 10 10 10 10 10 10 10 10
12
10 10 10 10 10 10 10 10 10 10 10 10
12
10 10 10 10 10 10 10 10 10 10 10 10
12
10 10 10 10 10 10 10 10 10 10 10 10
13
10 10 10 5 5 10 10 10 10 10 10 10 10
12
10 10 10 10 10 10 10 10 10 10 10 10
12
10 10 10 10 10 10 10 10 10 10 10 10
13
10 9 1 10 10 10 10 10 10 10 10 10 10
12
10 10 10 10 10 10 10 10 10 10 10 10
12
10 10 10 10 10 10 10 10 10 10 10 10
12
10 10 10 10 10 10 10 10 10 10 10 10
12
10 10 10 10 10 10 10 10 10 10 10 10
13
10 5 5 10 10 10 10 10 10 10 10 10 10
12
10 10 10 10 10 10 10 10 10 10 10 10
13
10 10 3 7 10 10 10 10 10 10 10 10 10
12
10 10 10 10 10 10 10 10 10 10 10 10
12
10 10 10 10 10 10 10 10 10 10 10 10
13
7 3 10 10 10 10 10 10 10 10 10 10 10
13
10 10 10 10 10 10 10 5 5 10 10 5 5
13
10 10 10 10 10 10 4 6 10 10 10 10 10
13
10 10 10 10 10 10 10 4 6 10 10 10 10
12
10 10 10 10 10 10 10 10 10 10 10 10
12
10 10 10 10 10 10 10 10 10 10 10 10
12
10 10 10 10 10 10 10 10 10 10 10 10
12
10 10 10 10 10 10 10 10 10 10 10 10
12
10 10 10 10 10 10 10 10 10 10 10 10
12
10 10 10 10 10 10 10 10 10 10 10 10
12
10 10 10 10 10 10 10 10 10 10 10 10
12
10 10 10 10 10 10 10 10 10 10 8 2
12
10 10 10 10 10 10 10 10 10 10 10 10
12
10 10 10 10 10 10 10 10 10 10 10 10
12
10 10 10 10 10 10 10 10 10 10 10 10
12
10 10 10 10 10 10 10 10 10 10 10 10
12
10 10 10 10 10 10 10 10 10 5 5 10
12
10 10 10 10 10 10 10 10 10 10 10 10
13
10 10 10 10 10 10 2 8 10 10 10 10 10
12
10 10 10 10 10 10 10 10 10 10 10 10
12
10 10 10 10 10 10 10 10 10 10 10 10
13
10 10 10 10 10 10 9 1 10 10 10 10 10
13
8 2 10 10 10 10 10 10 10 10 10 10 10
12
10 10 10 10 10 10 10 10 10 10 10 10
13
10 10 10 10 7 3 10 10 10 10 10 10 1
12
10 10 10 10 10 10 10 10 10 10 10 10
13
10 10 10 10 10 10 6 4 10 10 10 10 10
13
10 10 10 0 10 10 10 10 10 10 10 10 10
12
10 10 10 10 10 10 10 10 10 10 10 10
12
10 10 10 10 10 10 10 10 10 10 10 10
12
10 10 10 10 10 10 10 10 10 10 10 10
12
10 10 10 10 10 10 10 10 10 10 10 10
12
10 10 10 10 10 10 10 10 10 10 10 10
12
10 10 10 10 10 10 10 10 10 10 10 10
12
10 10 10 10 10 10 10 10 10 10 10 5
12
10 10 10 10 10 10 10 10 10 10 10 10
13
10 10 10 10 10 10 10 10 7 3 10 10 10
12
10 10 10 10 10 10 10 10 10 10 10 10
12
10 10 10 10 10 10 10 10 10 10 10 10
12
10 10 10 10 10 10 10 10 10 10 10 10
13
10 10 10 3 7 10 10 10 10 10 6 4 10
12
10 10 10 10 10 10 10 10 10 10 10 10
12
10 10 10 10 10 10 10 10 10 10 10 10
14
10 9 1 10 10 10 10 10 10 3 7 10 10 0
12
10 10 10 10 10 10 10 10 10 10 10 10
12
10 10 10 10 10 10 10 10 10 10 2 8
12
10 10 10 10 10 10 10 10 10 10 10 10
13
10 10 9 1 10 10 10 10 10 10 10 10 10
12
10 10 10 10 10 10 10 10 10 10 10 10
13
10 10 10 10 10 10 10 10 2 8 10 1 9
12
10 10 10 10 10 10 10 10 10 10 10 10
13
9 1 10 10 10 10 10 10 10 10 10 10 10
12
10 10 10 10 10 10 10 10 10 10 10 10
13
10 10 10 10 10 5 2 10 10 10 10 10 10
12
10 10 10 10 10 10 10 10 10 10 10 10
12
10 10 10 10 10 10 10 10 10 10 10 10
12
10 10 10 10 10 10 10 10 10 10 10 10
12
10 10 10 10 10 10 10 10 10 10 10 10
15
7 3 10 10 4 3 2 8 10 10 10 10 10 10 10
15
0 8 10 10 10 10 5 3 10 2 8 10 10 10 9
14
10 10 5 5 10 3 6 10 10 6 4 10 4 3
17
10 2 8 0 6 8 2 8 2 10 2 8 10 10 1 9 10
14
10 10 2 8 10 10 10 10 5 5 7 0 1 8
14
6 0 10 0 10 10 10 10 10 10 10 10 10 10
16
10 10 10 10 8 2 10 7 3 4 6 5 0 8 2 0
16
10 10 4 6 10 6 4 0 10 10 10 6 4 10 8 2
17
9 1 10 0 10 2 2 4 6 10 2 8 10 10 10 10 4
16
10 7 1 5 0 1 9 10 10 10 10 2 8 10 10 10
18
4 6 10 10 5 0 2 8 8 0 9 1 10 1 9 10 7 3
15
1 3 10 10 10 6 4 10 10 10 5 5 10 10 10
15
2 8 10 0 10 10 10 10 10 6 1 1 4 1 2
14
3 7 10 10 5 5 10 10 10 10 10 8 2 8
17
10 10 1 5 7 1 2 8 0 7 10 10 5 5 10 4 6
13
10 10 10 10 10 10 10 10 1 9 10 3 5
16
7 3 6 4 10 10 8 2 10 2 8 10 0 10 7 0
14
10 10 8 2 10 10 10 10 10 3 6 10 10 0
15
10 10 1 7 10 10 4 6 10 9 0 10 4 6 10
13
10 6 1 10 10 10 10 10 10 1 9 5 3
15
10 2 8 10 8 1 10 10 10 5 5 10 10 10 10
18
2 8 2 8 2 8 7 3 0 5 10 2 2 10 10 10 10 8
18
5 5 10 8 2 9 0 8 2 2 5 10 4 4 10 10 10 10
13
10 10 10 10 7 3 10 10 10 10 10 10 10
14
10 10 10 10 7 3 10 3 7 10 10 10 10 9
17
8 2 10 10 10 4 6 9 0 5 5 8 1 10 2 8 6
14
5 5 10 1 3 10 10 10 10 8 2 10 6 3
14
10 10 10 1 9 10 10 9 0 10 10 10 7 0
16
8 2 10 4 1 10 10 6 4 4 6 10 10 10 4 6
14
10 10 10 10 10 2 8 9 0 10 10 6 4 10
15
10 10 10 7 0 10 10 9 1 8 0 10 10 10 10
12
10 10 10 10 10 10 10 10 10 8 2 10
14
10 10 10 10 10 10 10 8 1 2 8 10 8 2
18
3 1 3 7 10 10 7 3 10 6 4 6 0 9 1 8 2 1
14
10 10 10 10 10 3 7 10 10 2 8 10 10 10
16
10 10 6 4 4 5 10 10 10 9 0 2 3 10 10 10
16
3 4 10 2 8 2 8 10 10 10 10 2 8 10 10 10
18
2 0 10 7 3 3 1 1 9 5 5 9 1 10 10 10 10 7
14
10 5 5 1 7 10 10 10 10 10 10 10 10 10
18
10 10 10 0 9 9 1 8 2 0 5 8 0 1 9 6 4 4
13
10 10 10 3 1 10 10 10 8 0 10 8 0
17
10 5 2 3 7 0 10 0 4 10 9 0 10 10 10 9 0
15
10 3 7 4 6 10 10 2 8 10 10 10 10 2 8
16
1 9 10 1 6 10 1 2 10 10 10 1 9 10 10 8
14
10 10 10 10 6 4 10 2 1 1 9 10 8 1
15
8 1 10 5 4 10 10 10 10 10 8 2 1 9 10
15
3 7 10 10 10 5 2 5 5 10 10 10 10 10 4
16
10 10 0 10 5 5 10 2 8 5 5 7 2 10 2 6
13
10 10 10 5 2 10 10 10 10 10 10 4 6
16
10 10 0 8 10 6 0 1 3 10 8 1 7 3 6 0
12
10 10 10 10 10 10 10 6 3 10 1 5
15
10 10 10 4 1 10 6 4 5 5 10 10 10 10 10
16
10 1 5 10 9 0 1 9 10 10 2 8 10 10 10 4
15
10 10 10 3 7 9 0 6 4 10 5 0 10 0 4
15
10 10 5 5 10 10 10 4 2 10 1 7 1 9 10
15
10 1 9 10 10 10 3 0 4 1 10 10 5 5 5
14
10 10 10 10 10 10 10 5 5 7 3 7 3 10
16
2 8 10 4 4 10 1 9 10 10 8 2 10 10 10 10
17
9 0 4 6 3 7 0 4 10 10 10 10 9 1 8 2 10
16
10 9 1 10 3 3 7 1 10 0 10 10 10 10 5 5
17
10 7 3 10 3 0 8 1 0 0 10 8 2 10 6 4 10
17
10 10 9 0 1 9 1 9 10 0 10 1 9 10 5 5 10
17
6 4 10 10 10 7 3 3 7 8 1 10 3 0 10 10 10
13
10 10 10 10 10 10 10 6 4 10 10 10 10
18
6 4 8 2 10 10 10 7 1 1 9 7 1 6 3 10 9 1
15
10 5 0 10 10 10 10 1 9 7 3 10 6 4 2
13
10 10 10 10 0 10 10 10 10 10 10 8 2
18
5 5 0 3 6 4 0 6 10 10 1 2 1 9 10 10 10 10
16
10 10 10 10 10 3 7 4 6 5 2 7 3 10 10 4
17
2 3 10 6 4 3 1 10 10 8 1 10 8 2 2 8 10
16
4 0 7 1 8 1 10 10 10 10 10 1 9 10 10 10
15
3 0 10 10 5 4 1 9 10 10 4 6 10 2 5
16
3 5 10 10 10 3 1 6 2 7 1 10 10 0 10 10
18
10 7 3 0 10 1 9 0 3 7 3 10 10 1 2 10 9 1
14
4 5 10 10 0 9 10 10 10 10 10 1 9 4
15
10 0 7 6 4 10 10 10 10 10 2 8 10 10 0
17
5 1 7 2 0 10 7 3 6 0 10 10 10 10 10 9 1
16
4 1 10 1 9 0 10 10 1 9 10 10 10 10 5 4
16
10 3 1 10 10 10 2 8 5 3 10 2 8 10 10 10
16
10 7 0 6 4 10 5 5 10 6 2 5 2 10 4 5
13
10 10 10 10 10 10 10 1 5 10 7 3 3
16
10 1 4 1 4 10 5 3 10 3 7 10 10 4 6 10
19
6 4 9 1 10 8 2 7 3 10 1 9 6 4 7 1 10 7 3
17
10 10 3 7 6 4 1 9 6 4 5 1 10 10 10 7 3
16
3 3 10 4 6 10 10 4 3 3 2 10 10 10 10 10
14
6 1 5 5 10 3 7 10 10 10 10 10 8 1
16
3 7 10 10 3 5 2 8 9 0 10 10 10 10 10 3
17
3 0 1 0 7 0 10 8 0 10 5 0 10 10 8 2 10
15
10 6 2 10 10 10 10 10 9 1 6 1 6 4 10
14
10 10 2 3 8 2 10 10 6 4 10 10 9 0
13
10 3 7 10 10 10 10 10 10 10 10 5 2
15
9 1 10 10 0 10 10 10 10 10 9 0 10 10 9
14
5 5 10 10 10 10 1 9 10 10 10 4 6 10
17
10 10 10 0 6 5 5 10 4 6 1 9 4 5 10 10 2
15
1 8 4 6 10 1 9 10 10 10 10 10 10 10 10
17
1 8 6 4 4 1 10 3 7 3 6 10 10 10 10 10 5
14
5 5 4 4 10 8 1 10 10 10 10 10 3 4
17
10 3 7 10 9 1 1 9 10 8 2 2 8 10 1 9 10
18
9 1 1 1 10 10 2 8 6 4 1 4 10 0 10 10 4 6
14
10 2 8 10 10 10 10 10 7 1 10 10 10 10
14
10 10 10 10 10 3 7 10 10 0 10 10 10 6
13
10 1 7 10 10 10 10 10 10 10 10 0 0
13
10 10 10 10 10 0 10 10 10 10 10 10 10
14
10 10 10 2 5 10 10 0 10 10 10 10 5 5
14
10 10 10 5 5 10 10 10 0 10 10 10 6 4
15
10 10 10 10 10 3 3 10 6 4 9 1 10 10 10
14
10 10 10 10 10 9 0 10 0 10 10 10 10 10
13
10 10 10 10 0 1 10 10 10 10 10 10 9
13
10 10 10 10 10 10 5 5 10 10 10 10 10
13
10 10 10 10 10 10 10 4 6 10 10 10 7
13
10 10 10 10 10 10 10 10 1 9 10 10 10
16
5 2 10 10 10 10 10 4 6 7 3 7 3 10 10 10
15
10 4 6 6 4 10 10 1 9 10 10 10 4 6 10
12
10 10 10 10 10 10 10 10 10 0 10 6
16
10 10 10 10 0 4 1 8 5 5 10 6 4 10 2 2
14
10 10 10 5 5 10 10 9 1 10 10 10 10 10
14
10 10 10 10 10 10 7 3 2 8 10 10 10 10
16
10 10 4 6 2 5 8 2 10 10 10 8 2 10 10 10
13
10 10 10 0 10 10 10 10 10 10 10 10 5
13
10 10 6 4 10 10 10 10 10 10 1 9 10
13
10 10 10 10 8 2 10 3 3 10 10 1 8
14
0 10 10 10 10 10 10 8 0 10 10 5 5 10
13
10 10 10 10 10 10 10 1 2 4 4 1 0
14
9 1 10 10 10 10 10 10 6 4 10 10 10 10
15
10 1 9 10 10 10 5 5 10 7 3 2 2 9 0
14
10 10 10 10 10 4 2 10 2 6 10 10 10 6
15
10 10 10 0 10 3 7 8 1 10 10 10 10 10 8
12
10 10 10 10 10 3 4 10 10 10 4 5
15
10 9 1 3 7 10 0 10 1 9 10 10 10 2 4
15
10 0 10 10 10 10 4 6 10 6 4 10 10 10 10
14
10 10 10 0 10 10 2 8 10 10 10 4 6 10
14
5 5 10 10 10 2 8 10 10 10 10 9 1 10
15
3 7 10 10 10 10 7 3 10 10 1 9 10 10 2
15
10 10 10 10 10 1 9 0 10 1 2 10 10 2 8
13
10 10 10 10 10 10 5 5 10 10 10 10 10
13
10 10 8 2 10 10 10 10 10 10 6 4 0
15
4 6 10 0 10 10 10 10 10 4 2 10 10 10 10
16
10 10 6 4 4 6 7 0 10 10 6 4 10 10 10 5
16
1 9 10 10 10 10 9 1 10 4 6 8 2 10 10 5
15
5 5 1 8 10 10 10 10 10 10 0 7 10 10 10
12
10 10 10 10 10 10 10 10 10 10 1 9
13
9 1 10 10 10 10 10 10 10 10 10 10 10
13
10 10 10 10 10 9 1 10 10 10 10 10 10
16
9 1 10 10 0 10 5 5 10 10 3 7 10 10 10 10
13
10 10 10 2 8 10 10 10 10 10 10 10 4
16
1 9 10 7 3 10 8 0 1 9 10 10 10 10 10 10
16
5 5 10 4 6 10 10 4 2 0 10 10 10 10 10 10
18
4 6 10 6 1 5 5 7 0 6 4 10 10 1 9 10 9 1
14
10 5 5 10 10 10 10 10 0 10 10 10 4 6
14
10 10 6 4 10 1 5 10 10 10 10 10 10 6
15
10 10 10 6 4 10 0 10 10 10 6 0 6 4 10
14
10 10 6 4 10 10 10 10 5 5 10 10 10 10
14
10 10 10 9 1 10 10 10 10 1 9 10 10 10
13
10 10 9 1 10 10 10 10 10 10 10 10 10
15
2 8 10 10 2 8 10 3 7 10 10 10 10 10 10
14
10 10 10 10 10 10 3 5 10 4 0 10 10 1
14
10 6 3 10 10 8 2 10 10 10 10 10 9 1
14
10 10 7 0 4 5 10 10 10 10 10 10 0 10
14
10 10 7 3 0 10 10 10 10 10 10 10 10 0
14
10 10 10 5 5 10 10 9 0 10 10 9 1 10
16
1 9 6 4 10 0 10 10 3 7 10 10 10 10 10 10
16
4 6 1 9 7 2 10 10 10 10 10 1 9 10 5 5
17
5 5 2 8 4 6 10 6 4 10 10 10 5 5 9 1 8
13
10 10 1 9 10 10 10 10 10 10 10 2 8
15
10 5 5 10 10 2 8 10 10 4 6 10 10 10 0
14
2 8 10 10 10 10 10 10 10 6 4 10 10 10
14
1 9 10 10 10 10 10 10 9 1 10 10 10 5
14
10 10 10 10 0 10 10 2 8 10 10 4 6 3
14
10 10 2 8 10 10 10 10 10 9 1 10 10 10
16
10 10 10 10 10 5 5 1 1 7 0 7 3 10 7 0
14
10 10 10 10 8 2 10 10 6 2 10 10 10 10
12
10 10 10 10 10 10 10 10 10 10 10 10
13
5 3 10 10 10 10 10 10 10 10 10 10 10
15
10 8 2 10 10 9 1 10 10 10 0 10 10 10 10
14
10 0 8 10 10 10 5 5 10 10 10 10 10 6
17
4 6 3 7 7 2 10 8 2 10 10 3 7 10 4 6 8
16
4 6 6 4 10 10 5 5 7 3 10 10 10 10 10 9
14
10 10 10 10 10 7 1 10 6 4 10 10 10 10
15
10 6 4 10 10 10 1 9 10 6 4 10 10 10 10
13
10 10 10 10 6 3 10 10 10 10 10 10 2
16
10 10 9 0 10 2 0 6 4 8 1 10 10 10 10 2
16
0 10 4 6 10 10 0 10 3 3 10 10 10 10 2 8
15
8 0 5 0 10 10 10 10 0 10 10 10 10 10 10
12
10 10 10 10 10 10 10 10 10 5 5 10
12
10 10 10 10 10 10 10 10 10 10 10 10
17
10 5 1 10 0 6 5 5 4 1 10 10 8 2 10 10 10
13
10 10 10 10 10 3 7 10 10 10 10 10 10
12
10 10 10 10 10 10 4 1 10 10 6 1
19
0 10 5 5 3 7 1 9 10 10 5 5 6 4 5 5 10 10 10
14
10 10 10 0 1 10 10 0 8 10 10 10 10 10
14
10 10 10 10 10 6 4 10 7 3 10 10 10 10
13
8 2 10 10 10 10 10 10 10 10 10 10 10
13
10 10 10 10 10 10 10 10 6 1 10 10 10
13
10 2 1 10 10 10 10 10 10 10 10 10 10
15
1 9 8 2 10 10 5 5 10 10 10 10 10 0 10
15
10 10 10 10 10 5 5 2 8 10 2 8 10 1 4
12
10 10 3 7 10 10 10 10 10 10 9 0
16
0 10 10 0 8 10 10 10 2 8 10 3 7 10 10 9
