10000
940524980
871754363
322091869
407230561
801858463
884030081
882477509
337288539
805987714
640357797
257416409
991490220
781245863
409417740
677071344
457303548
654333251
296944223
28043140
816211734
242659846
427773399
640396656
900657683
16441532
269891342
809243079
94875486
733143701
547327411
431060012
673668682
419081775
753151881
80899244
220940240
637181962
963376752
558228778
443169677
603734550
815645186
434659897
384980414
225062927
111731242
842283961
879396177
408675465
870327101
695607912
651335310
298100501
336004568
551992994
314542032
605895910
361236074
409417518
339039612
908563484
840477531
12708295
327645261
593629412
93607538
548585500
230811375
56984291
106814278
673981051
660718840
922459464
108640949
45699255
147522391
220372191
887983216
26918569
629047655
758310317
722526481
280382966
56410818
58531050
832375959
370952850
664426959
193612034
780370368
3466572
102175519
620847899
16174867
429820779
214477312
109782405
978406278
445288686
166766695
85220557
119269738
827485535
7680021
227910687
873184790
155202411
448282877
761168006
182120980
77330533
519478324
904647460
357713498
575889142
963178509
190089458
946841992
627605469
383701491
727212360
631072041
485877010
348060260
647246907
915697788
562537572
757029311
894104067
7826258
923796006
979324623
127095996
751281542
987004644
355006683
624466332
142207056
803289560
385634339
324328035
880620092
905112662
228975496
238333591
481001805
192154006
428423049
427843797
819759475
812124540
155056158
450831516
298001550
503116418
98078424
213699339
65653990
855107735
107803407
73480248
778903742
87128031
200576244
530185285
74132676
555582927
154651618
216339731
358872487
540285956
540667766
239492580
445398619
769643262
477826171
926400423
961797268
906249219
354244221
781556743
718373759
509300378
232388260
16375310
12416796
330466684
230074649
78070786
185574420
337878056
151551034
964478161
425006087
352127278
494663446
499138762
907710204
649315064
715478492
266582692
189601020
256146259
506075272
634999639
25789522
983901442
561400063
987586789
890150662
915644283
769143532
608524421
424944662
1531793
624899731
437361458
331998476
854974379
515432244
517572896
192852435
666983277
482051057
617858522
19110556
976714503
116997284
926820760
626029567
832475776
193403453
815630587
88622035
699478725
450630227
114411557
683380167
12030290
101998346
573530829
927674573
871141878
182055252
352619236
872673670
806954982
789980693
204672147
661929362
305412937
722245042
854781797
972396214
204296100
472640319
991506770
181010604
589637603
918327530
807040171
422113379
111730984
622670759
510735414
811209708
73300987
625146970
494589876
85331277
727145316
68120706
13005851
598287195
250175957
365625086
470960866
57130940
155605780
675633013
719060301
461018716
397878056
573842099
433414931
602174156
46482419
424921702
783184760
636120021
343249233
590224931
58233401
454980216
212895691
568968815
266189925
286196677
194115786
760779801
371527954
921261102
828900507
384533804
519548297
79076465
750158890
990509163
136207404
905764669
666142176
855267706
366783386
64020233
429109805
800198317
666194388
475592223
225120019
449379149
111712244
568369252
39604081
169945645
23349469
252499772
738914459
289539393
538696449
933030244
50319195
910224402
854291347
879219701
294758207
373839644
958296166
44917097
364348808
94503571
950681766
30490984
949771276
317465153
94511216
378881082
117663471
760705605
854473304
342783490
210084754
966185548
911152741
249688835
136131193
934502210
502188607
875045652
224041603
40885056
808075897
274360798
951109458
662367244
153580500
245867666
36206889
111876666
290784763
400555696
206380237
241466529
431046680
156151513
558931682
525557896
535032595
676595153
286263501
389505899
19378644
496348255
355691448
930531385
746037090
491822641
865033595
248225698
366868293
89075199
289110753
174944191
363435997
240220212
837311434
517016496
486087877
873518323
628893162
776872640
274074019
835273398
18339170
705120698
991424911
577270852
230678594
526457507
253866005
516942095
915963405
273244649
13290351
271654854
203776035
759327441
763477494
68809631
7553139
130345788
157884830
296663892
305289978
521320826
536884103
142601413
38337322
22971982
16119736
667230484
799844621
290193755
502503883
818183791
995314453
493928794
395454643
225993048
20386301
649320648
742935143
936349707
922565297
756225493
208004561
126341333
515552935
971482055
195150963
523106073
101827844
353035792
819769965
407117822
874356618
356654069
549719234
912693940
379626050
565838970
579924424
179470672
856032725
82428307
997654462
851347178
576357101
393109106
77340226
596743402
42429755
820275369
533093110
964995052
576500863
741097671
91336385
92053798
712579726
286487348
615159872
814407570
639523139
434929838
221525392
513879757
791583906
771244626
426573698
171209957
337083597
6498123
350680629
193116322
88926430
348335092
44463500
665283531
741444198
121803726
262026934
783873953
942079094
795120043
748869005
518579958
536217715
840205390
610633756
248797442
126692738
225793628
63205012
766215877
660723465
284730404
280095635
452307372
55975031
706669333
623517329
393058627
713167455
974197958
586174949
802093884
322533050
630638448
467377415
63977248
752442174
729404349
847851200
694521269
524524393
596720206
213101228
60742108
436925597
823734983
309539549
563618334
49528612
372744561
329834212
710252077
657474964
609929847
162559450
713449994
316599180
786076779
106508622
29766636
760274737
692683570
831860520
82807788
323322019
299237936
146785035
75764193
28642285
994636235
770285462
553166678
591356442
983386689
613908785
28282039
807121673
923448334
591900373
856650285
296192895
921734585
566902362
953667859
531664432
729461812
667117854
848263612
515538591
773626475
878030248
275813329
466310046
709890768
358621116
789632064
9128704
505406151
865396257
37770989
500042387
635681719
590937666
91398830
619068409
204846452
119680868
426190083
128294787
711581241
282840368
424487682
633315827
849742729
378155542
164980260
579204542
45273397
13243873
94743134
818899871
891274120
370556463
285209918
601164888
729177579
74841983
610293592
234583731
940238239
648064580
734626117
575919960
239002247
826024946
194988369
443848699
945705814
621178451
572143485
657287056
904018818
996631167
290602884
753761548
374786710
455583144
332966091
420060106
468827016
427709225
238959978
360101137
798265688
524169895
961266025
527443267
599011878
571559617
762026997
539250118
219624198
496653115
115170078
458626445
322678062
310158447
902475143
268383877
931336897
474618629
925670933
835355716
471249797
216273817
589117266
846036506
671856960
922083356
266096612
140683977
349792582
505056589
500785113
148058270
29226486
462051139
675501537
628238363
33610757
437528535
167488481
253234955
934181651
282658559
711861399
256859713
592817005
614336543
525243591
524153904
88955173
450914524
359509620
560204969
667188341
948626886
406241476
339045302
870710243
672338087
479729278
220502825
177394678
980514391
368561095
206621163
442565531
44062633
834859525
476176287
481591168
2348007
729411241
415772820
285006566
441272641
672632532
877823571
55609185
197876124
401977475
144564357
648790647
761487095
704769326
315978989
710113982
111010803
655024290
580824225
783348890
134753568
801327050
960743567
115267960
169888146
167364730
557833491
213950779
2224256
34009778
695541946
4572263
763421020
111314766
289578829
204693661
783947298
167402400
260302846
981823422
569379874
404867203
630614070
330866970
109636530
946593058
40980952
220647332
601617348
621805176
3996223
736370917
423132227
964739789
851638876
593020372
132104521
409472368
806971151
134328776
443482146
502513098
138901039
206903166
613827864
428479868
411596827
397775163
595882268
671899673
379598585
165262143
76766876
10212656
496129113
186403406
956805713
537110065
407050738
558423062
158915242
411046960
294793979
582047468
375786750
146432856
175067841
507891270
555905224
982038992
642220046
999387370
484552090
781121086
206290537
98379954
209600954
617887364
496155116
805483221
289787038
875753701
970745364
366553913
885966356
466874477
552957319
842772070
3984542
960008057
401195132
162899784
371055017
695989111
744947252
746841767
842421968
920015093
254733038
398327192
902054085
896953084
397714563
386606175
678074170
604005099
484986128
887675124
221892463
981141243
693158346
511679500
856894944
663903710
878233414
742861301
130778188
431190733
585633371
134762730
391198791
986828503
297662513
762253808
682817615
42609765
509095576
525239584
962624857
763828614
923566775
864678942
660781698
321281339
251285117
338855869
925286437
736271245
226530993
147178901
717412488
919689338
658858402
574307434
583593049
537091816
317168735
714371237
968282549
902802106
849133966
359481340
889630610
146796480
121735149
572448226
189406244
630830724
97687810
152031102
394659338
21254586
16710045
55441037
342535924
267995162
394296905
267822362
4266407
620827898
415001263
721678895
540517237
73859665
295986329
124110286
610951480
613155064
838481523
579234030
515957171
687615489
938715370
405587781
834411969
60450519
978036007
23818214
691281243
75723818
175849315
85940582
96978403
192559359
141381618
439514327
460554521
535678524
707336689
464820927
156506422
122337953
186499823
697023658
196197617
482486151
821133945
807149097
95641216
659615468
386383128
611598386
347230958
325098498
17186168
181642928
385549017
995222175
205461141
76830261
70945993
381310456
162770843
167924396
573869815
304152461
607438723
34424336
839830984
314775412
499245263
996337405
437113364
685745085
693361065
633310981
168231237
514495010
440460079
263872453
174110479
826843206
875470839
521341437
151941705
892657006
702984364
537490722
887879182
908445505
614320983
958825175
289755961
777091825
126749571
863625775
81244287
734188293
898050111
921075270
48963706
397295375
917412676
486077070
83040461
610773742
119388052
251271697
125268752
559848130
515144150
299379230
386691338
390614989
820720667
538633042
283271996
523705031
76123766
171151178
432150536
690444748
129976354
721906496
467536574
256725924
585532273
548780860
990914218
483582384
469856131
39877924
880877759
387268808
525954994
963918219
998042549
645343045
215189917
123311302
205191176
730334067
422690532
591882513
120949056
243411199
130515556
404221052
767116230
206639321
575372230
199266766
897084069
705348583
921173262
364620643
962074507
506705536
913401503
952988726
990287920
383257635
992866649
871165679
770526442
518821644
835083899
768568992
164164689
50273817
891880293
369355865
780607884
314570826
961238377
901556939
557982024
91753934
305777992
325098254
298393255
881150222
524365020
195477324
586498806
445538284
560097968
548573314
952243819
473499471
501562040
942531739
856757106
494428690
813697419
627283549
13250334
648781319
395852542
177415023
699055135
287732836
546770888
479663019
602303662
508009266
381219959
160285686
599763200
686997951
485383941
898156454
568148173
9748962
93633779
154646980
455287245
653731746
703220293
407531065
127231218
204782334
350062805
983988324
699211024
163760224
611271874
712461357
812541542
7124417
889876380
511596678
294857252
436647269
991259696
897160913
944656534
372479656
57446601
544419734
59477608
542830541
442576189
627625781
552579503
536209967
782272760
7866749
189941714
485493054
415397813
317172933
690275388
765460618
301161257
389486412
929220841
912433131
101947770
741762385
919557547
991824150
253359063
214414799
428471419
244618760
111575714
373127954
617098416
169022314
917547687
676576023
711852855
360123877
304201805
264432358
896333844
86474566
272299106
86275559
571967620
687696919
403448491
262243008
453157537
704609748
651729420
382378379
617042879
753677189
124140764
536600426
745501339
377499826
751015226
173972759
622118586
862590939
547100712
239217003
31613254
464648400
915793026
743466108
824772277
219994831
7898466
721106121
306469397
280197572
807381679
878437016
967894490
210830171
140680025
421052028
915439919
792409444
803430407
532482799
546086634
927571170
69083225
291587974
305070997
820098451
465560732
927189583
682689390
12661445
166406586
714302643
477309844
82199613
457768751
302082122
302194444
465667218
23188243
608663840
745864789
830569923
487100857
713759280
41400095
627780881
134811309
956840013
420190326
938241715
489322812
966276959
865812885
558406037
257864933
170883883
378504488
723425665
98073467
61193879
736087110
264480052
775496522
213396955
346679665
233265274
515479076
648874108
698932491
538667319
257537949
444797281
369237242
744638805
158556561
410637336
372419687
293367870
367477350
792610012
231609585
856800161
758886972
97422471
415206199
16751906
268306354
793710687
740177571
366379820
854904566
476264681
630859872
630401088
689661635
977539536
863666361
205140712
626413645
562598853
743808030
883951593
7396134
113045273
628590398
165952695
523682609
1010086
459320565
891159958
793620098
690930149
747960120
552507070
788352620
163166319
569258976
56658974
956877005
309436547
423038794
811781571
785701228
53898667
442182660
475362864
31438203
305849022
680503575
657851848
868447875
424311606
541803441
875844008
537356879
170393840
41796704
61039489
171403926
501117269
952199446
965024023
192047419
700159566
517531094
980400038
863325885
86790071
37059014
820202891
396226618
460097807
631984463
181927846
513996473
74167124
657290710
545434676
380016145
337794285
203286524
248464021
762105892
745089965
124308030
299462771
915483804
166104734
360502259
86887731
667222002
312701706
51911755
859269421
12861273
569442848
839669460
876187158
656232918
876728473
696390050
52459537
336826281
328374514
234387383
850822753
402541637
891678092
396257430
782557782
229472378
599543954
31021804
991578269
344633919
155329833
291041041
260117724
321434566
651543300
347005455
988656568
964245006
398917209
847925990
977106279
968360057
687595450
853293438
624592976
564323923
549683488
677052512
901150204
878058001
911439894
751972958
280599639
803117986
148230389
63157422
32590365
747774342
94179225
24168635
92408262
249509057
315209675
352525986
570943624
966752975
699531440
559600193
930997982
98448650
407526183
908104262
66808707
95121634
761397701
691401682
659445557
311081190
368454195
560595761
189139192
279894089
312568720
469738830
83012076
460799108
532896251
115602441
208573451
627075476
139771075
300981713
876584533
454980750
653507699
447528157
421733726
353039140
7128350
352731709
451487789
414654533
260835972
518296496
509776166
22233673
209698179
169221723
333314863
578152373
729817484
522454054
858046462
42386205
992192884
941058538
503185313
525089136
56660979
711758764
152164612
196432054
12740477
28749146
651412804
666248176
476277303
73146530
19287316
483405652
425878238
470775105
898060185
686714210
989071601
407836352
708947883
198769780
577058075
42262746
776922153
306875560
564716800
634968615
349261765
556909684
576027154
852447077
81998821
632688133
564205842
234163433
829120186
576946319
262912578
480532990
243194495
739189881
553679520
262481810
222595534
979557758
733256914
120655720
666271969
722328516
528492071
375219852
921098295
105550146
417482598
698020449
412425706
982199397
332989065
761687470
539109082
909016219
614134548
621107902
541704352
178340390
855271335
370824539
755286708
118183914
851357529
998481202
857373794
405037049
260963013
79969328
384594808
994219928
200625047
50866777
716548444
729117118
426086629
637646740
834667264
843569227
335667189
247092970
825768625
668656254
8780440
364877707
577672473
622914987
985985609
119376826
801255377
841256945
490201364
556542085
959440858
341558893
555023289
816814652
746595942
815986301
896783980
131190751
810206229
97409028
182057528
526754674
826526145
608144156
164401414
661193409
451713383
500068603
908286379
277482008
168724857
917066819
642359715
746397330
539981807
628345325
865774155
341237184
469602270
355975520
897779269
429043128
697534413
452802558
245857781
444130356
268788861
142641762
575321106
78995091
240050789
757378633
605749764
66576935
365522790
770151178
727770344
817236173
270219782
636056724
94718182
438944638
553123543
737077897
185341969
93105351
365423222
51116124
434342534
835025492
407091643
332121804
264068621
104626057
784924363
509926402
548756412
53713224
652568163
124077518
132708314
892618952
881456151
738458079
959195887
246978942
508609257
686966232
64215116
778829038
323022956
158933297
217773677
876146499
896011194
403115645
969251849
261434417
454231769
403594384
96459909
861323412
735716188
360528530
965949468
520640551
870454931
514705880
574353774
523023094
638783398
707062088
415642047
520239550
445520167
374837935
767218492
954129424
61804167
831433607
732958463
384827123
990366904
950732140
260973622
886378098
353847786
230225472
147812515
808079554
633819855
244272424
669402966
369536043
604800953
635352434
890176593
475255885
150058315
464530368
998278979
788841713
171592456
413921027
309081264
617112623
788758962
76299757
571242047
850563128
907733363
304200511
235390252
898100268
254932651
496363874
784478367
608780437
726589345
932290882
416859991
360409200
176563307
86262958
729945243
781364260
721615392
620121837
256620146
871673707
84652205
254899125
660515421
256244662
668820152
969596685
873357284
457579115
45896442
444599332
308142243
953629805
748799842
543532494
851730073
3732494
39896369
636208441
612512930
766485713
568499323
29372922
126894914
745062629
115635879
856840157
526426890
837251271
476961995
783047035
708924979
561614200
37946161
369440401
817858861
706766313
339037086
691216145
164345428
384933528
135815478
472487671
338563333
884615319
16020166
190293407
888347813
55916534
826501847
500860744
822402247
395001171
530233665
949297160
140063801
645869544
806137318
666490690
483120816
283099313
449537726
192045796
844713513
487483887
561486196
662572374
194250200
900523281
353788520
358595628
285456809
489603998
831083298
624020142
374219318
847103463
814313549
262567132
903019997
640815397
763427875
725422244
35816568
293661541
674719406
175880369
939531085
480856724
842371058
422651901
763956037
291908785
614697696
608669551
779392671
176183892
271241925
973642870
76707174
625030445
332238498
362163983
114634443
163321797
986184125
488853761
10425261
800497674
751420892
913445257
441313071
514848767
638867502
477129639
808510308
313586909
653010007
748041393
794443632
495381066
170693294
558399670
787289851
785390991
167069221
566682522
961574882
438311147
540325393
38282057
63341592
872563891
400446040
177976036
35885688
386630165
666829796
46310949
187127840
418250689
959756206
628440910
933099456
598623709
105570550
741609764
912210617
758580556
489651158
706654249
253961623
660344452
265053920
41251474
445735443
432123141
607933996
407310326
870434288
148259390
445592383
933775879
20823281
846038422
111751916
56708969
232668588
778581712
103019918
419796427
196832401
62776124
48237338
129931858
661399832
153807888
871541621
573610450
912388444
361192780
280264700
166350067
21537232
545318620
207601541
467272675
977441761
815535537
874583000
847876049
963794926
320175383
781651929
984618206
166213806
893403845
41327177
398882393
671985557
144347094
818678820
868817958
207123217
866916158
998749815
868523049
20724047
870291437
442133499
933112490
231484217
722398198
99462558
253021449
267716819
307064099
720294123
245158580
122599637
594877124
93034629
86394563
915052507
874686558
71012770
81266313
768090403
112339946
480148706
440075960
256687040
298827527
308893918
463810257
165743686
307643734
332333306
186467732
177935171
774466805
119580223
409419388
496865005
219042781
662440836
764581823
526106880
382734960
9740404
648706516
977612083
102775033
735101079
892664590
977461590
806113849
973930903
745551993
918453795
454079610
185627954
175140836
752907137
494521872
638951092
918650822
802165606
971284398
105118555
980100777
745751204
224698778
389520165
242616209
443741558
51961001
7198033
969848438
434695961
16938437
618554955
412308044
119713469
353656034
304972635
97175060
159769884
278903539
842727053
78223680
732983148
28355008
253364515
485890285
522876880
892315606
404541108
325042486
863600005
509659663
305143263
609351210
734358440
694663427
851967419
178099999
746624429
859165452
147948437
181320390
876103888
766503392
593628434
995817357
120159427
898601069
92992417
279929310
177504608
935719470
358152989
910487756
964074477
611517503
396378042
486951357
503833110
800919149
811993843
367433116
310578813
117137106
976784326
44937253
811800533
828751746
223037252
558424962
687917198
370985689
739745351
564021088
137489081
333373786
559838445
257648507
231974855
652830862
537577817
409479463
588550332
895730806
319967220
552624810
507248309
716345261
39576168
11081420
517264411
851570010
378514536
827843223
968707115
355298862
872780476
780507649
184050609
95817729
338932611
871967807
466803417
78677963
435988895
604292498
412051749
995827340
861941005
644026604
648658203
399518822
53506068
237208536
295249629
373473287
789833346
802497938
89818549
829409513
813579358
607082959
680979524
192093895
434926183
649686640
547392757
307706660
430194289
731443365
403524388
769126900
603411173
870327805
847804863
39400069
474620304
259856613
35227409
336561309
903883216
683885611
736080131
957389283
921094147
31329760
330862571
710927493
833827697
420681120
540337007
647407056
27764080
221316531
839500950
462690262
871003170
386893707
770396922
301197460
118337073
173921311
70324360
721748246
44249116
918129223
761148314
518869420
177985836
796375722
855430729
81869053
480261334
591510861
39258337
401355481
622840620
370120908
112282975
456668318
790802027
652619981
104075375
818566106
873936511
943576324
281256369
744939681
330470032
51653292
46137142
448807105
225574602
116461501
170555351
269823718
34590725
931703664
788693138
212576560
728079387
644123867
294445613
208340722
235634728
333703950
609696203
858475348
703824857
721979178
315143667
494626885
374599159
419219042
313192992
248535671
362795367
594449361
993475352
693265399
646102652
39612494
142072504
871677253
156073995
312627855
141500973
190664720
244331520
930194110
403241280
972410907
574317978
697686893
180751630
809952705
31390843
790447833
668428054
735215700
512427011
983571721
229842585
887026170
402790764
543035577
135561841
765586130
137484938
129037194
458851529
783587590
168649688
600924033
655264844
324723683
913551888
796765816
515388403
157883409
726959926
918629683
130294317
301277905
616316576
311045947
111230611
647707419
101493780
779658665
382923119
613920791
763230386
612765704
500946961
166021150
155801282
636508803
931607279
293286219
765545997
390458809
76873810
934195684
991382842
732138654
258919368
904934730
528904470
774307770
62818140
255864397
692937454
193112457
557142301
309254030
504158403
668372912
956961448
605652182
448031577
339884568
219572974
211261964
952650272
720519935
377283114
108451554
357028738
308890394
401737774
122574735
699349202
478611583
56770420
690732045
210750237
315689787
595666776
739654707
89997558
658484916
995519103
782935011
851597372
552661405
92189042
355755775
221034318
49150491
961407957
669065894
389035059
180980931
880327857
341685332
901500866
257610971
450136886
258529605
566501365
851874659
381104339
265850568
330486243
437874759
956582613
541236480
753564546
552249389
280891188
843562104
210734305
276410292
626497116
62331677
829071697
718686158
418087452
50106016
767836649
379495409
719171909
156871709
560476340
599499767
498557040
461977207
857110738
948693926
720506811
423612103
800568586
101611151
689462671
131054830
539485909
646045285
672291310
293050456
198294674
953182498
136612561
409028980
229592790
763109677
471360656
58664488
481795836
889448108
108770503
249632485
268943518
827942412
406504194
829419858
427442179
905061234
291397065
284552918
853755161
11903876
708165021
654323748
113515027
397627693
785378577
653000936
43672978
457669888
946051391
241967652
410852387
82663953
650996631
640445176
845773630
122357288
699109664
327569466
11805397
807880167
577201952
280748915
635822579
983706145
110168773
63264759
888767380
401565838
347817676
742522541
413469714
55982698
396846289
526984740
453610390
182224867
179985676
497283368
639894755
126037069
739251020
50747143
208701021
390247652
691192318
54474652
512604940
390301983
382044118
524410337
198182151
959246069
805159251
834004729
942952215
915328024
897269488
831719595
316893862
245087165
574242137
730363576
301069862
971088426
257348316
754680253
153313293
437333993
251963622
793208048
563371061
991214641
843955191
772072082
381462294
535147510
826546733
894067233
925449493
208590851
418477570
123631644
167836921
223636822
957636373
110789136
138964847
854905862
942508731
455858708
99993027
516750868
186222285
401062889
487839294
443570601
155743142
641152587
880904594
407706764
434360636
444275655
398921406
278315827
216347737
780383699
813463337
42894470
674450932
738912830
251485321
92928504
862544474
419322241
316565325
820180848
530111377
455530171
675086710
472620108
911388879
775079736
989370975
97611165
176142626
477210270
541181766
331885768
118362858
422086360
739592531
552723494
866362014
138513937
831039321
82709752
918897635
644502659
125604222
593348569
383415490
377089542
686277072
245959964
796411784
2842397
66140813
326523161
458372568
741227522
799143268
369761448
516307259
788514244
467372613
692449885
265724515
8554379
24335654
384087372
430640739
763928184
936810866
297002753
902442121
767850187
379712505
821339757
412352846
505316726
414688326
795768336
882406269
100965398
41728301
678818053
103807795
107869113
5341214
562180363
849096635
804484482
931941811
365403895
592998727
399314424
57853781
858723241
407868803
82189434
242810614
838509541
846117617
179621480
135512296
748559739
947471667
515224800
569899497
359824514
20541527
984587822
155592850
902947796
85553221
197321150
581765849
189361016
305190263
587107063
751541379
154286899
391591546
683483191
519690793
984590272
82797615
577544573
843313514
490666418
659734006
86124129
329175960
505851625
265745609
464688255
254411364
213217276
979913054
824310860
573041789
454582
808898683
728634638
903402377
894451904
925955788
485168227
83812920
231146051
72275291
835354299
385432949
463866836
518837490
905123742
448457109
601635105
482668316
291770624
92301524
142402323
377894752
421477483
648253947
643640361
886165738
902665311
856857636
866078793
726976171
429899426
866533375
535874855
158534065
769935753
430326759
84489854
255103981
514139679
315635905
327379271
349493979
701068854
791246107
868331468
606192597
239703216
469966574
88860914
531473839
562268098
231263237
909368591
983745581
879517184
553008952
869911319
782182495
409866589
735990113
509158667
839766015
602523488
45033522
998300080
372459242
475360280
82789935
627563223
989499959
398425839
954942494
338993938
99494694
746188601
207325407
705687291
985891817
677291981
794548205
517365657
239560080
25811442
426734248
223305661
905328625
979743200
93216980
687511121
389609790
829207093
196669788
229375806
431730582
241703310
227675886
804189824
717063590
310465820
431753047
706563550
708891659
386695542
45557489
808386353
132884144
252882895
514073645
118775961
930174876
308621850
636141617
169734956
334433292
62875866
393040617
239761918
42619067
486257596
927273038
432228857
315464690
123942827
661604662
747195272
365646137
889280547
551385096
82709727
199746368
983138143
789273277
908638026
369833686
834830765
717024380
502717829
87713661
231098025
621493789
17888538
539719874
257635407
187623493
874153166
320511273
580664109
113915084
363130340
66921707
41188123
795359196
382386396
165130949
456963859
129581668
530777085
346244406
680966764
613486812
545990773
664104907
402760089
454628801
33938593
237590854
171653181
536656422
325304515
402751206
158150212
343193052
942471080
415785619
530816545
816624246
736296891
111480655
930539330
99427232
178402361
971727452
894786428
560788757
136858402
351750287
690370425
667635486
697994693
371337189
281122299
243985467
35442097
683882388
698614267
69380690
921473242
870267447
606037111
246777757
273018653
764187323
589970809
215489734
179972942
120787354
32113981
916269833
232268009
962653310
15697065
410670369
934380762
910483493
971459126
71239165
262233780
661829552
738874650
960228472
33166741
19996950
204213939
68608838
703879338
902828206
137989527
625352580
773095654
744026638
872130337
46114308
508213961
462101146
261604041
688186903
582888500
293718021
604456736
815156508
256371332
620153801
225826878
190752094
530637294
197286005
261991258
792871074
859115556
865909
753099547
892282297
20862859
957313485
960891135
724742196
860141692
98880663
350094777
633237347
842907301
222225114
679351654
351121264
684326260
940955695
39308167
267214760
234673717
643764903
82371269
491045048
263918705
308198147
681797142
794555999
505484152
943788400
587427073
364599709
944654309
340526620
256882007
965517168
297840106
217773143
690259365
157981799
316653806
40354142
791219145
159561108
262579256
470570800
510682371
946905515
411526496
549990538
214120275
646200213
193755442
296491544
137245261
457674146
604689691
819042403
252230145
110173843
762830803
839657217
474773552
707485113
180183838
731655559
673002282
478023944
949428702
363261647
636005742
266082508
403615788
427224888
425643616
666195043
897795687
936325987
613100558
309322184
486316526
827220834
955522396
680071967
123712378
92767657
137746114
728402068
911810060
389976258
838575911
674640864
229633477
313349463
382125978
409817314
45005023
55128260
887841257
994433724
418389906
523847000
260516233
822005694
951071887
686159849
488200738
848867574
622485836
101301297
158189759
108802363
928522131
113712155
788874330
52234509
206479812
926620443
780636577
118289872
316596702
619212488
792930735
546230179
932561951
175056714
956047493
977566973
230184973
843888750
972000698
648574879
367735751
232516932
470580574
318807638
918676781
958781312
167675213
541162617
60082610
325864971
649964980
988604740
439577126
438839310
40839250
646056937
365459754
821475826
764346809
682056456
440688314
557277545
228286635
373250266
732334258
184334128
350817240
962519231
28222879
322817939
611094111
395958629
555334870
81674686
714766267
474011651
40455999
882441479
15174270
100538609
208306451
665139249
89143349
647883576
103978560
129982598
293940514
469438314
951458424
58287323
151494770
392146739
615564868
379781405
765397005
347899127
564115533
116214245
310418359
592338411
439032183
921512470
988297040
994367053
3187157
703063307
468378705
43643155
585504787
483552974
144181764
793811238
148692224
233325112
441694815
252670784
363307711
735635328
722109097
314766135
793922651
873603867
706912874
409487520
253385272
472309879
757386646
817500804
588524124
67805006
409839216
27556307
989317475
398136257
21923361
992504631
101199564
490302066
36147787
686704351
973855040
180329550
480515589
122547265
413654662
922210404
375218048
776962373
657845733
97327146
91728509
451768384
970931012
798641382
861255904
224316285
270951262
618642550
41817090
859475385
686447555
451656306
887031692
675765031
849792562
908955053
668269663
950992126
399257119
704417450
637696478
373112159
884747000
118212068
495659423
298401663
40422473
870877471
75364036
698268205
968204616
167092544
150036591
939135629
965733926
11292495
163451915
236685189
629935045
205269005
96160574
316382601
656925310
983192266
992147632
506717873
892147319
660417295
457710000
291404438
364834746
95406479
664516597
249581746
213618547
160176021
547983408
254041020
31053492
623347444
952309224
999258108
790439988
102345815
938393738
756173915
113638310
101845653
992859104
743573354
307114658
89019679
59955956
964039967
72211945
52103588
470757841
964359264
712520883
928467840
255763703
77355630
23874320
920280299
326937376
237492866
80456321
874920784
491533885
111509812
498268228
443843111
110767921
288708218
546188925
49161660
44882134
659827235
151007313
37741238
403400590
458121970
126760916
463356545
422161938
198972861
515460133
892919778
163332126
227981017
821387619
419095828
305336646
845261939
339376128
632274022
82754805
419832448
507194806
574288690
531342261
5463035
18131801
642110181
294171252
564320726
691271840
339053386
224147962
842279153
376794623
627548551
300401123
503555539
90905097
722563060
702528400
606365229
615482839
865860525
834346246
436870459
284956353
139682893
282132398
624332481
771956914
364887203
44164930
279151721
939175893
575507190
284614756
957307694
217617372
578786008
521628420
908889212
917839393
745776382
751168365
294634016
373324934
51569489
798189555
464230030
774132549
500717955
70595260
389615389
366578481
904941506
826485847
651534834
44624399
108618245
275867316
816581313
473505448
320032245
95733035
412681341
895539435
380347790
369989035
113156807
959133797
891617455
22046020
876973190
637393837
773214385
171607207
10718772
824783873
969796762
474948802
598916422
470514718
545544061
988531811
837093198
450485568
815017658
488628033
495109967
923635903
764495349
311691281
397141351
84527594
407424315
809822692
980067029
787772105
179811727
93223837
746905903
71429182
115269856
623879094
708823019
888484240
795486301
719541791
713268114
765283064
194490593
312184537
235797782
740034654
300716349
72890981
190520222
115734008
561519014
685630189
39369911
326014363
997321470
436511262
410541957
404745786
246333955
390608987
192517891
426145681
483832824
939423793
497574863
599102679
563302888
206397883
487586920
358789189
925939673
200855035
124072254
120430266
513039571
359870035
860464920
813755919
432761016
50985143
929489926
994280030
736615331
968859837
320294394
733936801
405371100
730836351
138682587
651705054
121445339
331200478
77850736
605278162
270624272
575425599
204380841
833927160
781823482
691967761
192716350
707763156
892822795
316788603
828193422
405862367
676658638
688658342
219618287
109419655
739643485
149108215
103699685
476258816
117968053
423994079
210195619
523339153
154830431
348878205
175044208
276275769
680078683
252894944
881553930
950702955
828320542
85934772
784630115
610144025
777902533
977346465
317907181
670725328
294135069
146100603
76587696
970793706
834758945
296205983
80213362
574402430
445314197
183913047
50661247
563282249
607907126
260856865
86621403
762737556
609735070
261665610
39013325
289813754
514560554
920567255
240516710
342881097
6502027
25146826
953025121
784404559
2493292
270932303
455129888
296628360
417032905
531717584
267422067
251791851
827923566
347635429
826194281
273237764
531548476
876855528
836520014
139455602
137712393
923141416
902193158
747447463
184807027
941206483
37261218
699367580
861773738
277777928
42248677
868275764
302924753
995273798
652680324
305418045
266206101
107810212
602046404
683239006
639527795
869468470
935030856
467451362
217103900
761225138
740689126
748652375
638080666
577209140
888107977
775793059
500350557
790301135
523240522
685157583
731507619
560501740
384525164
593281357
838279667
426773840
461557122
141204421
422047638
114237446
446622465
688253739
222047658
48668869
371492745
861575453
918137339
306523602
329026816
135241240
67748740
69715942
883893614
705829406
646925082
772001592
481622465
147275640
562302728
4862988
832433222
293810347
565364728
216958386
887091703
403644395
643732226
348648825
544848816
65779865
462886271
991471280
754033604
684933928
40140151
125526349
546509381
958277490
432049951
875536196
93518730
499798691
945252139
977412343
205628098
592177221
749413936
687250562
739452861
311716664
692113550
571886083
605527010
257478278
788844469
492618714
661122673
432576696
841267539
205971489
498356561
304153810
197442771
252390165
989087739
237582921
377916515
535597120
195860411
809966465
411133318
289379140
309765157
356385457
266791484
515393254
948562678
16205420
202643818
688015539
327922084
894757367
259901623
933449093
152235646
48746092
426067808
813358319
481322788
267335347
19329809
979679348
571489158
216772579
232069514
560576897
454355500
609986028
96174017
650215910
419952494
507307335
939595050
729717651
863692791
206386534
245110906
812255470
222591954
447754723
500271009
550514037
342512091
760172632
483963131
494747736
808918724
910030938
308106056
290241512
177366286
327435864
269920861
748855443
544208443
501990375
309432340
998563942
111976404
405606357
648779853
531928897
912913692
588374903
261646549
776606484
794761437
506757454
588861954
17353392
954512177
89132965
567867428
297024268
849305596
51830560
791772004
658224320
961861498
99878061
948465832
139227785
427313924
218386693
888083227
971522368
720377068
197515568
970086311
832353471
603121925
618866165
364282369
516035617
207241068
625928917
292642102
2002507
132686372
881504056
19355898
87198549
970637020
587223326
384222817
819942617
639053886
175994821
478166937
600915384
275872881
426632769
740143168
703186806
645019462
628226396
674709174
365396531
825741964
644795485
197750002
428863889
263661650
562032370
944899506
470902718
187961288
237541609
472905224
320647659
119045665
492261122
407846208
89682686
79484448
792069024
909625302
718538334
968063845
387792240
319453719
243936727
814425009
59596888
947123532
459444472
687823283
621832706
824841002
513565248
266628192
22591005
942429137
530289841
584623375
887328643
1192560
772584663
124870253
474097784
93232322
243915918
966358905
501078530
333598604
45843354
293147555
243223907
764381687
261211401
631016146
83835407
505148127
445441156
143432294
452271660
904885627
831255577
74104367
729726630
344820826
340732559
752317634
287249963
871022400
336941010
174578607
872214960
109525673
299448860
346312744
202757994
543364777
312671650
703836524
876963381
358515003
996984079
120187289
122896692
258195480
751203434
206732098
763343606
196644591
350164392
215615267
101530219
181419969
289719634
831256848
526240794
630452193
583574483
813490756
501474593
920515493
988069363
373689554
30041166
287518223
720002298
232799160
830883000
32673948
936635684
707846381
391188951
933619763
828033670
514085642
191815243
579237105
720817740
955158849
775881695
70982132
170774117
877411914
252402101
460493751
708668763
778642895
90945944
292243246
592133652
592420537
212758739
580203016
966110091
242799905
867721238
686112389
475599065
698604239
718786336
412234749
406450621
109975288
345854512
234484291
624060930
537669755
813721396
344878670
492828604
589603092
415860802
663602720
467015006
668262902
124096472
175683769
446905797
215042416
467927015
39039450
807462953
680685754
619242465
773573044
923485658
486963704
459685433
399084723
185567944
178471770
811319471
592018565
288447057
157173984
826502856
912507986
694843738
640224252
257386657
187672343
229827345
673247458
851275063
696842350
341510360
975371534
872526119
788416157
190413951
340453134
827455607
997876903
21138888
446698072
771449947
944624546
933661776
231135381
343709270
119229721
409607151
155028743
711248285
698054207
312202726
537751141
610562194
7046465
177975395
867948851
194718808
407802739
541196309
45993871
104645089
882706669
21365406
977171207
671122827
211779356
317624342
498578435
209656260
338763230
945276507
981106207
283387777
878938284
212241588
627097047
998168004
621848739
782125789
709416290
319902947
94328516
247167432
930465141
101374981
425142826
798413992
296093788
832945564
339610302
342087659
937590653
222316972
363453065
914761861
893439799
575232421
232386204
392018234
784888680
571149433
337294742
765994888
854537210
216233026
978236476
481634258
214401031
600085215
263760047
923817320
919988161
358088563
170984753
850453303
459463543
596127578
648867296
755557331
429073143
988477597
97644991
366663797
210794570
461098055
281425659
104234370
36330476
513811863
496252604
821219156
84961296
833547345
587214044
939498507
49780372
565450521
421132765
264181403
165535736
684892812
187998724
85523899
42981375
358983476
935977201
502444918
955111054
584844497
258002250
384184198
573322096
355647240
750847994
784116666
816745295
32273654
888351035
853075770
546085516
384603640
674294927
631046812
218150986
261508972
570545319
267931358
826959492
991678083
532112760
992495228
676570896
720111483
78019127
719552271
79094959
13996329
221997190
34206014
598840826
479999439
418390211
172162922
835646679
169238205
956279587
652391975
201511859
844630623
505467746
747597374
229234264
179762673
378644187
447385249
441271645
949189506
715316606
268231137
940867590
247429367
260726365
617438486
967540849
338745492
336990758
46635809
352741820
558987947
80841823
951582645
38987387
499232033
123745568
874634066
668470238
80025156
527026041
869982096
924655779
32493788
617579471
153890043
212256461
996223658
601275292
653528105
945413164
316591899
921759241
886280755
564021265
182485607
503719241
531562115
521231098
840709998
578197924
873972918
399697946
659039746
825555564
438685332
158271779
949301131
313319399
826742017
29326288
840345440
696724114
953982066
872839227
314303586
107872109
85095688
310527244
709147401
738623793
255940409
25739300
660383034
142221164
589760565
842868641
645940405
121322681
364099740
486650404
699520604
238072658
886348349
358560351
63628222
325033682
516832130
12929353
638353080
343574147
42255640
478698520
40298262
996237706
351537748
354601847
104109816
436633436
665129090
813257217
175257229
921069499
838996516
835640262
63290664
428757082
678508904
709231069
550079762
42608644
195881473
249600367
280681302
82229823
608160718
344309523
407263505
124992848
357238876
45616586
468566995
399494516
524315106
508865256
395732223
875852853
863467103
499842039
312486289
528596194
313099256
487743517
449665694
152095773
323383780
512956358
580852854
1892685
222187427
130932617
44501328
418068900
380532984
325182629
500298723
988693702
669492152
907562227
113686551
26731029
953178812
582253545
426225545
477493919
91118803
821957768
353346772
954585905
321799807
665833061
483182100
634899062
153576579
932847793
786994835
476960359
445804152
367847690
478853043
667991578
498780306
523354371
86060479
879313290
848537000
586359201
868006993
518029152
493921429
981693543
544760181
447100242
563947089
970985726
924594160
655065891
792943494
277940933
609651797
114743301
943773994
92833898
749642363
97350574
25681691
536637198
574310932
471485843
904484888
53163975
139477421
403265195
576518346
225537900
282578486
425055347
811897101
150585479
943084499
305818530
132279022
487844680
752918772
696226111
458830406
677512933
351292003
251773901
955453866
960943799
366517201
899227860
53777697
116159565
996578434
79459389
652796762
570889366
550945231
557281651
624053341
690422652
960546845
200571688
915960552
243125331
625627034
727857653
393710810
568711534
33676184
525989832
56556215
786594956
222215943
515386621
464107890
573507946
767160521
419561757
534451746
133677722
318789618
588229443
249837287
315368052
667688832
902634049
886257418
218634063
459915700
510310760
909056715
420462546
710882447
825017267
663587876
336509483
552874921
57298687
905221016
586551105
583288518
961777230
373146061
805504461
477163851
837253951
379012408
244324373
256815708
913464154
378002095
575605326
501693598
627839381
890973378
169382430
530473431
777230797
388016493
990389130
287541557
297073208
410851677
998424004
122090476
74439554
334933487
674965396
131738240
240154504
261516501
715026758
201931734
634662562
520531220
679095586
471916514
899543628
923419958
728732222
813007782
301422053
304337549
314701380
929261434
195310928
484083810
459734865
972541724
872100303
450123996
260083282
169173512
860975672
258507286
291263987
935415225
593440773
966229382
67153466
833595276
227745884
782180224
35527012
862408446
302711444
714622597
334324961
202255072
638042556
63057185
15262855
939464608
367394733
329964235
868726043
562705661
814048045
328460909
535247385
686148349
778584904
795330667
855321860
639560577
53837954
146585847
574975803
647278726
112815230
642129268
480874004
340561113
424309493
516401015
202969561
727020937
231023613
537294521
929276009
869066168
600351706
944538863
808530776
967746439
274503099
677256820
530452101
88551145
5717730
65699486
774699493
784302633
861030153
630021353
423863211
914868106
776607200
998839014
562146834
889422429
640968283
43020838
229983543
65277776
559421853
432953104
792298712
790445465
970247624
721574722
659511633
570599331
666113586
468042410
538345770
940616685
145299231
68797871
29167830
151016960
134497357
803867323
935319593
995527510
433888677
359182805
910395617
210495877
358021819
472542451
99918307
998990102
515563289
329901850
64267878
74985142
762854953
856566590
865430606
733102578
578141313
524942240
303701909
244254899
992984649
842047679
184871584
138283881
910845550
214039415
289300841
45342909
17906739
224620435
40870419
451795416
583803239
951266036
662291293
941825058
423808488
762209600
940815161
939371776
92111450
5083039
14356918
854966403
861649629
879787524
588068981
439790942
404729764
891770891
684045841
397714414
733818570
868917425
535998295
644664122
82956841
825299135
690007030
100863579
49919570
730877449
552658995
633722809
682143485
214950288
575547868
105951974
977159887
516363029
45323750
69271338
521446068
59680668
924237740
383095698
939468192
512306721
822886640
344197957
404077612
506932482
741912370
137896184
375849907
277910666
782560305
458806748
103209801
472567335
559670327
153129371
203444784
112329322
786852180
885588269
327279609
362400049
991540243
304439497
878763077
36863994
373710834
400209146
96544661
297948574
783304843
36012854
810255296
606191483
380210810
214332909
113123965
122123181
352229092
488973873
400033847
134789397
947780620
503243648
607356732
507450948
656373018
810801516
619780269
443225199
696389786
947059878
805625247
687930030
251499376
684388324
724794023
625210210
84597471
821338684
923158784
867902313
857351538
733414080
474093797
237562349
947746988
587217763
359685530
299976081
76191636
759719376
434765478
23972257
262963025
42122211
531423204
919336042
852923727
151203473
362561242
549313514
98263353
168186489
237243545
349762728
852574814
962037567
974972937
937172284
783376252
898131722
805074598
640727791
631545802
279168396
878290139
579292792
866386158
237975670
879268873
942577793
997695046
314034351
966550049
260658071
356156562
497973253
179994114
209080290
649176727
542555356
758393804
747440079
710741845
995637348
97202808
563316659
957674915
72175745
500488944
741051168
970307467
305563542
381778960
601853270
584731938
260069099
181146062
451118096
498044769
60414935
393695890
495739816
374449287
360245940
756397886
730605848
858219193
936392000
939686138
507395921
478947356
698079943
254836000
189689202
693717291
352038807
753005861
651392207
424214552
253494805
392443376
394522020
559058347
774222335
996375290
143790285
34291435
177521353
594908382
532336204
237936288
988604271
28076021
612385574
348850212
784473906
342991423
207069406
720865907
282677562
714465326
199813264
980757504
969301326
389502466
674474795
321340134
142508327
325867003
745554686
396003132
718310378
140076707
955061479
492532714
136451997
98851765
526824149
313973349
693760146
59160354
551909636
682364418
87236374
164295211
31214631
871710280
507286634
238284036
592576187
789964195
952749362
792389451
770721700
922050689
181891918
445196495
243390824
324400244
771063498
988945509
720403376
489373877
129022216
675464855
981906591
265474212
774316619
508730741
579447561
468076766
567891094
131357198
150441184
655127468
295652408
181655814
526837748
802939042
419939850
119413936
592903237
372689213
911803388
363624938
294739902
93695306
808821433
538130725
418095550
579884931
527076235
138498926
69258809
656098450
813963780
51165401
921572662
588280400
559896141
501020223
56357166
127787236
632377421
206798350
782914703
928029829
388454164
309752452
730968871
808394013
429166388
323872109
181083226
340969776
687497046
475823128
434665082
496318480
13953854
852760631
76203411
541030088
991259557
145462220
197128539
805223338
196627620
118701202
393503739
756523761
619721425
449860904
884310996
252098846
656659254
667225700
180128675
45113418
976978152
911097546
853507430
406144540
234969655
34590657
747114316
922466701
510413785
181779399
418785181
524367638
34540031
494988592
65397727
25799588
640450812
262526266
831022925
837078432
381227467
224526665
593602194
948892
674387568
477913191
253047738
331046823
145138891
433176413
376160240
122117044
344273959
229667671
528261584
579243614
264258328
275375901
501710316
774672112
457155299
920495496
299039751
491695330
415484089
364437478
517494917
55934901
626963743
348517843
893013333
8191210
573044507
486615527
9140102
247432077
964528718
262187839
578478899
109667610
695364252
954639139
231784653
39638212
184306810
760046236
618881826
448565138
35422138
120592142
223237250
492577437
41087639
522277001
984272766
456571727
886714479
501767684
512506627
513678222
850285526
405519961
521869432
423330034
892135488
531009533
670762110
856664206
793197372
249241010
966331816
488561625
203880149
198116469
528199836
388186959
958162705
147081662
836752096
993584843
267673804
59989347
486162281
308761442
582266348
470435048
765333168
468980827
972202731
277839796
982659048
822488258
683359757
504528481
245818293
575495246
35538014
916580403
432159453
828735386
165821413
398491269
317297011
369701562
596607738
845496846
757888520
554770444
992578508
594640617
548355288
260252313
654629964
34517569
569013754
236896312
504952617
334346923
705877139
477155348
612186719
688536187
299643606
295546476
193064669
545461898
871041721
228602682
462042301
303201175
57338069
627863714
701692443
374635079
997565276
298300182
220131927
755453797
853070626
212710435
350094415
401425914
472962748
4724379
435943483
41976502
241620691
940896099
376323424
947497829
418051447
988510143
636034017
717695053
284056619
829098685
263156952
155098341
57701367
725199253
458299516
115039436
353062968
159991959
489674515
350628245
458292141
709806441
106082043
311362767
922516875
456176457
712788681
395479624
460900836
148732165
437456126
702521526
89628264
813779550
650019355
507679712
802289693
286053373
225374765
86346313
115152058
488531717
241444654
172853425
213730971
699744169
287892861
566793939
859736129
777567375
917422183
318028270
487373816
23504226
629391037
409890692
479680683
342179719
805370316
940581519
490911883
242826442
643103045
580540147
56605993
293122402
88219859
858895686
579175774
313594624
945241998
694327832
802126340
186686653
867181257
15857311
886430822
155074118
582651250
746166952
932641493
500073433
64195223
420015309
523577659
693586259
829906001
3258343
35765979
635276317
943839861
526677861
878102759
586942907
107218009
934708751
880065308
195437867
793604437
459241083
509032491
738846436
153568915
311158831
925533089
20750173
327016142
811963912
175824290
909667391
558130864
108465784
409740825
622326087
528481093
933318484
315912347
358387094
936576826
351678325
993663411
880416688
878356185
871766171
467359595
985574194
806474923
347424904
181012062
600079361
806665986
690044552
338925798
960234901
1203384
264458888
980985074
328219527
76422801
156809365
237886919
634553665
265275148
647627743
256879752
793756241
580946228
572792098
152143336
517523054
924470422
145806747
397939743
802826608
17572919
865299338
788400803
824047842
212724243
969412864
424127203
19390230
659457417
763053001
979625131
660660801
27511890
960610206
988880327
103934690
117419572
226767246
738488355
382694719
874394990
995368106
176450961
455341218
568160205
328594296
972864272
492630628
474401043
370804016
295457237
491973962
236103354
83858040
316021804
448827597
53270905
740149007
468217826
712728322
503202009
447842958
373389124
530713899
408453164
362269452
634648589
525872735
589036698
373136944
908567455
463431688
368505051
85018416
918772906
936665256
413612712
891637178
429295884
888013755
262441195
724753121
379987718
498544549
808611160
696009522
947372145
861882065
436158530
415589972
574610388
939360539
863432930
947999511
470074438
271886095
310268963
104723027
797758830
899305661
477859971
706326285
362737349
846365022
791344701
281510256
783030278
204957414
173147434
212326163
92971169
435588629
937079283
472958887
934133177
745690444
168968409
881505323
607572510
605126939
297095296
182182898
544487478
160528226
130182410
14561916
432414320
440451372
119284943
230173151
339757034
597144913
936499435
702494383
443509935
727844137
984004638
226540214
932801550
157152073
438866376
25772721
592740701
375945659
498731607
526873879
121636104
667700016
408379202
729208613
272826955
705474498
911391511
817314432
866002723
41573921
831876348
298417044
482025293
951161290
528590195
821782327
548306203
465089631
524276710
991816138
192933769
508281349
218356353
125735320
665433421
657222728
151508040
258174123
33168388
650239646
785048001
154804491
317939663
193427204
884013104
590766617
898901701
795404616
408081051
764904425
836978536
239957399
63321469
319003830
191118690
591911664
140786158
739424892
57001295
665062867
731241031
249935064
173344217
949597383
375670383
838777637
606820112
527178423
96951761
639988500
177418069
881999761
794792991
495357732
75426966
678806096
86124350
974328666
474210712
494205400
739233092
311189249
734162799
802554561
630193079
925281488
394466225
770979236
664706381
451467520
436042104
395947413
701402583
609386321
345544797
77072967
448163958
952364909
604251389
545115719
592353409
781669458
427115480
387146400
277027190
502542446
65952497
363151540
476871113
540163208
857356940
216104205
851352457
591519739
18658767
481545536
516801228
413124991
252524772
181507610
864592511
688566876
577455022
565995095
297953197
922999819
643068061
746117155
875364728
247319451
291232874
467718138
28988909
718348355
854864538
306016099
220890801
920817035
669167640
697761914
460980244
526524580
913866119
312332701
118044320
932524885
793878236
634845548
345649876
46403009
816353157
210242388
734969884
393808180
776237482
32923082
316807999
419305544
779040237
192172728
666624994
70273112
659890866
695613903
788621466
514755405
1630003
9512268
435572441
670797642
707274182
896552684
197322223
621140301
208885385
315366543
553665187
2763622
950212090
899315063
49166630
766565248
109557451
784136514
160373428
885794933
817059596
477181427
305100477
596099833
669354155
971725471
666372945
329245022
667339375
454994412
844000427
668969378
464506680
279572868
339767020
171780863
176125553
537089243
792921164
385010937
852455786
346586351
387774558
802667877
245901414
436941188
569233125
355458865
221077703
729606553
241253798
38137299
206787981
546354275
634237132
876142136
518079746
300610078
205387159
185419122
755604490
49387587
854388499
220111171
328960455
194155520
391892033
505086008
731244763
184813198
890096945
583700549
531399548
277871504
386368427
777300962
714812692
955601552
132759827
935890394
685208105
374013625
974027693
891996086
920367899
608264826
768138223
438447646
908874903
973525382
623866767
664479394
22912970
478255267
884590564
351873425
672410787
276482599
856959432
403655550
461295796
747056378
987356099
992695344
24927882
373724526
769996306
739740574
329326078
902756133
675630968
14534184
276769758
649658662
906530270
197137658
257923488
674668494
635585304
166798392
648193877
259452072
831277785
671106846
737707339
715868350
22980271
410118126
992350948
879939703
813773676
453646745
626996081
801129776
446342089
651923963
174854303
216338395
391664537
504180380
119094529
67295506
518714564
395864287
716954167
425244835
593001945
974877655
99913329
228587250
141676047
748107205
488039321
972953832
419214052
225746661
688822183
442194322
635864787
681173132
322134026
449638464
134819877
949130106
250768241
581161966
601054070
425622543
797500360
992718607
929802923
916594889
60014114
448517487
312459177
776968281
873762322
905461121
751845936
973675651
134048371
893521983
721782856
622087692
866475815
140996909
847834353
555297998
583191230
483699141
236471130
905325256
933337605
371291007
854455363
184105846
952452972
455509434
609728388
749953333
448228041
539531311
666548223
508242154
988048798
979007399
285210436
861811121
884468521
37056373
835486772
18516893
930578355
557269629
640604584
797054171
698266537
488438938
352352169
281457768
972138078
588823299
186783024
905475683
960114305
41238388
89581530
912567278
496747821
699309917
662520611
944975861
238841230
329068835
453218017
226890029
308076234
738428452
88701150
192544756
775484825
924187921
211061648
706063180
481457551
851666232
503117352
179724088
340105170
855469521
461181856
312243249
444292821
647964880
217718933
404407127
689203267
307300462
316974405
185951088
6610380
979495016
130926951
245451609
308563851
584144967
472341638
616640086
322573420
561042787
809184841
98058246
485230710
20246489
804121426
966688260
871912721
307238778
146412349
212017891
162708300
607594205
524261139
607001120
255559085
741980071
11408248
944762352
49280534
328382652
130713441
55890914
307877669
261640392
301342522
616441520
845785358
773684160
233081606
168358778
334726948
42266448
266417023
819957657
62512937
70538450
786645918
934425657
377777228
933058267
146443549
540485527
540652472
670704688
147486647
796211558
412684760
158894895
740973910
461965294
487277546
871687351
517856207
795155215
133327743
819198729
411596736
979113101
592882889
644678342
147471880
927609837
686944790
413888903
747567495
749457727
484427352
534213413
683883385
862204580
467271681
830326934
402690108
7924154
501031622
550176755
804135712
913716382
709071649
545109622
375681677
196349196
416796974
893537883
991504411
550124716
712736612
403101148
529237818
305619502
47779491
676709697
233229339
734724281
90598601
980796834
484182009
575025953
515010247
168065395
437230534
982281928
998392328
839920641
990206082
499423951
390097396
794341794
413140334
99169046
339451417
788822010
295518241
756248391
682359894
287022653
306373108
395096507
690123800
835610925
700716009
737903292
512320623
933945348
472627573
602919224
914742182
956809582
177945177
429752430
124874977
615175711
412034359
123267305
455096352
402240442
622691256
845193748
196582237
35831590
944362793
536033654
824653600
239881035
292282045
507013494
526903687
598655153
902110001
217027488
434266078
602826010
954930780
946586701
536771358
427558353
549505925
451513541
384367936
727451103
881265971
509242912
342626814
293300331
632510217
797723165
695540773
255201474
642916914
892123010
291033063
587279707
428156664
115686664
827160741
720438708
622700157
354064429
319093861
524810159
571091917
753359939
127636169
526022697
699946641
664407527
953581050
249452567
115921069
337948986
976903669
997187040
847191899
319530484
290487372
479702116
117253649
986028145
734903590
760170563
878151155
25936654
347450271
306307819
141623317
174611013
26746528
764323474
528675442
345840389
289133633
99767359
99200329
416769802
625790056
799146970
81177330
579371107
48599537
197098399
917320093
25503207
194285440
764511992
345033690
484772811
244214110
462287339
470800956
979117699
222457902
348952111
5054354
569908173
655259930
146677671
744519185
682006458
911001144
273194628
27846848
200134779
372961987
127047176
616904580
998752043
926194145
698081910
578123150
974793682
895180308
495443244
296889
89465748
259955237
345330579
574238559
504169347
807617917
45039516
483287047
30075820
393991627
488341400
599983993
49251557
635019071
344503179
731258015
546020216
617697806
759104862
746154994
990659792
886152038
363059575
989411836
812346184
61141485
567534987
787139867
956321793
62978232
787436756
45787542
322933469
132767335
620026101
827102815
940385252
665065616
310389863
970461072
59057244
798731263
570445065
108308801
433750334
914948244
839566815
979770550
532646051
598671678
725925545
523305844
484823716
88985120
512717680
297169901
150126605
80252668
84309768
106448399
143230899
871746524
152235941
466164368
4513860
772262041
293267184
944899112
437327658
603657047
915360184
496384901
402388310
485805250
604693702
836138644
400753494
444260518
815909194
933399545
42932196
541834739
456705389
527755912
630819859
969423069
824925813
780946464
49675737
909235580
887394862
192906636
780982105
39630803
659071003
785495964
811892844
952338187
730395076
249220503
555995234
645755261
745605404
958383544
131560511
350299107
794522188
532314006
794559624
610431383
465713551
837491820
152266123
922418939
365247733
783085981
891842009
190173546
564032445
941517746
99409127
451427308
134424382
880391231
491058111
793495386
665887195
302950956
745833573
396282272
552171458
301828808
42037534
297776864
260212353
173598044
648075970
54734542
705912050
442635595
665165925
171625601
280127416
817432047
94044541
645375148
600518029
985886550
835548693
164550475
927404297
934957820
615977782
61828679
815349051
107035894
855324064
481236248
409986849
601157639
877518519
962158307
902986446
919556052
259935172
163198800
93154098
908011141
217933341
799066147
350646737
883099265
970691748
630774152
700531313
64736290
276149301
301049343
50622841
111697995
465599817
978027137
46655816
81577600
39855817
862004867
188613494
895179881
343241115
598600342
496337520
220759635
560758650
399323967
140315689
820693821
562522767
233469786
728704963
780456108
32535933
79351701
663555374
3227682
710125853
364086688
67963972
986275153
665136031
118586813
97973149
130735848
96613950
144628964
212313448
136469767
6633832
400926942
31649649
349874946
999527284
527987170
570634581
560285935
927311136
710950269
380979757
489833904
944420055
109684721
270290013
976955988
189036421
933845386
980183670
899162273
297932075
48147643
885437427
963068105
166734455
983410575
93803954
263348405
128039540
306117403
399818171
134673371
707044344
431467820
484548317
706571628
959454990
55182899
266857564
886766126
766133168
647837320
376600031
710553223
757522040
646890044
687509212
946558461
580735431
667692882
845720735
878667505
715840524
731158162
841735611
882574978
714568738
935539565
145923383
842608278
241656968
545741555
977281649
948701311
977209375
461829966
655272940
936664365
517012865
922130503
823430492
283146033
569967824
200030524
993699256
327489865
846920567
681208468
274048327
427655998
348901351
119769062
306323503
64741875
850927224
148059115
947316853
565495962
83598680
93240238
408104241
325255647
638981792
385385890
273956959
616191167
847215856
929229899
552855533
364228721
851360403
376286025
647374754
421328228
576316548
641074011
748818093
423237116
322282480
22866420
850893113
671183831
142635481
157216617
735925706
993562705
305275732
683242560
559058668
388874412
776482797
967162908
714130059
415464590
352548798
988087018
31655758
199764655
917316918
584511290
563993376
768677321
960797314
211368130
190005550
537113863
852442141
938823642
960350979
174724622
961690062
811244093
845908452
104325544
968460709
581834159
97888249
273736442
265076719
656946916
662610853
41559517
624109825
376740913
457024107
976658623
364827931
488679864
176423278
282144849
73191154
740416654
50822171
33988469
951784784
240827721
571102332
804226925
179651364
531453311
978951547
141341427
342697404
824860000
245666970
311158114
406694159
343555219
584894556
671770878
502136
247505409
713330396
624611961
624246321
170354503
601270585
989074252
659034367
777693863
271219102
732225521
518110517
322041273
766213990
469895301
562868994
337316322
274122227
742520358
868769633
253073775
883861784
211467038
77933775
129528755
522625152
484627934
473083973
107519708
156398813
473586109
355025116
869729208
98198071
979271437
40083712
699468655
968345690
699118079
477162518
239564793
431343600
995273035
561606065
197557591
465168336
124475059
534873913
739290563
866995417
403643546
992364337
750857201
615110583
70298113
880385955
137735735
554926047
353469929
245255443
711324860
827056038
600280559
581054069
925254108
579551997
621137780
624722764
547897688
320255860
101885283
787462480
751599460
97158318
349068546
949157050
562326654
473543605
484030963
301617218
340539023
887674509
293981556
91396224
502785093
364279668
971782180
640520827
919205715
325252109
885776269
630530575
152308148
486056829
211584644
77562258
65608826
832722424
702285021
613506514
152978285
804170304
400968994
904577745
901328621
750037540
853734796
463655276
223581145
337765759
765272494
564120167
225440269
59254050
655516391
728225361
423533718
627298571
368746189
342739433
952550680
254522459
973270008
104858829
740579287
184854653
182421086
806188113
17577077
884706107
419694628
170555362
688876412
820663621
75133107
590205034
570701162
928867902
53860311
794282307
266633662
819132804
358402474
492073931
878386854
13918866
220299292
301920572
641217437
589045481
644660006
593768118
843567940
617930014
698626946
584147227
802784666
881048033
390335342
820361743
765754140
810029969
990917105
454630552
630693591
66050212
44835587
201394753
994918114
98695897
995677059
261551777
917828701
354079534
753625707
796215556
367998400
973925000
98136129
9215837
562970481
742796134
602983955
406538421
360726148
301610902
990685648
163510815
182658935
381020990
983872558
948413075
191050960
974789663
403043628
821744550
40839876
447879214
23139304
35757991
546575111
18816363
297309768
464403813
372895897
50935476
260619370
740894296
24860476
358755498
750110133
587830957
101551633
353094089
994369377
462277781
654704990
985055026
625788596
837363924
366076017
609661154
785777000
557126976
584450818
188820628
378871527
625290694
636699843
402010830
661048685
183274954
420827192
958358452
647678767
793723089
9293929
908298136
534617386
34154405
267053635
284727520
621985361
368605267
637821608
616354739
830883048
292526598
601409766
456671644
129890523
967485783
66332799
915667523
524612760
650783616
104488152
903484286
276074311
741187994
305495116
937122995
924462948
726322308
895481448
572141716
520045398
904775376
480439853
54662784
938929780
747493488
339390304
560915142
116098755
977211911
177269882
946981803
269738510
778679648
403653448
399629032
746165431
469986246
315296556
270778192
120769863
419784707
174262478
396844174
160972701
479757593
333967169
85435650
206079902
229448618
657577365
726125300
134223994
138017219
780788083
73153776
885510706
120178387
634068917
1609462
97390299
811338799
948591264
367128808
590018448
352244712
766757840
336183880
822230958
82054397
606962071
943000821
501839103
781224549
339844995
662811804
260982143
673812164
748247454
467062045
903260781
405824820
193187345
37484776
543842038
973975428
110638551
429352745
94153816
744707469
430962206
191544115
556046268
379553471
558672923
146064717
731798182
325430764
482248597
554029141
407485160
89210669
497029962
909324263
870435217
836874957
572136068
131417361
510687122
320383522
598479405
413947904
726208342
791666751
451432680
270050381
765642179
562071231
699403125
859795995
306778700
130365332
51340111
862824969
509918802
610013034
8889686
241716985
935443797
491138283
795746126
342928958
580348951
292776089
252253222
450784169
129651047
824389289
582201529
640338169
144772813
180680935
54286074
870981154
972347685
505718754
141031535
737989865
67789986
840434660
597785861
374568686
970799991
649125972
237393655
480718794
259139006
246283341
722435779
194582803
737421623
518181906
537511761
317770574
810957994
789764982
768554743
940609041
614154272
350756272
580947211
758927084
531437207
635233285
629908239
503784893
140952039
770939774
241774759
208742024
611374434
839560619
583310710
582174426
488686591
820704364
62893221
747825597
66987705
785328999
942408400
804409328
303510905
479920161
122179903
114468900
269685144
890734645
55077943
883839416
241490918
636025153
642766501
772928124
271258438
272674741
276713018
412210477
43614515
518487776
620952501
654988949
358048396
204263211
237163376
846734987
24967576
300056597
594560585
91955281
85385597
536968985
896364608
388896502
16889147
18544511
503365403
286574291
909279156
558443345
170413708
150770074
194468498
813180208
923698198
465726936
85854949
200411217
877937413
129469464
718898992
498889914
784458413
76947389
703153125
21621790
923682376
728120701
321678387
518242962
820075981
407063984
55211947
716440589
795960486
72101094
734985100
299325889
358675385
644264257
857769233
529089092
795034331
52237732
342269301
718732529
517964668
428124250
919143745
395902081
557593714
638042738
894791995
342052128
714990127
597945121
363673918
638672504
326065822
685352304
156915466
146141803
92416289
212127413
862582393
888376774
284228507
597567493
187702664
642903891
241831751
45471897
171992984
36866082
97709629
514262284
755598610
615674296
942386534
674742356
11576377
499980248
312785095
906368372
842032375
27775223
504313493
205706294
666447726
830379314
891058598
823363192
976521118
983474886
35490606
839103511
871851661
319719112
436671005
59554325
962623003
678502756
105026222
134615987
715368837
202735850
648878271
470967448
818410146
591264805
145709805
829986523
91245053
458494900
736354895
933277428
486270122
240668388
138983723
152717849
71047704
30042321
976081041
47568822
13517207
11571647
886672332
885368868
331290759
323343337
944923193
293913762
1846093
49949416
428529749
717214930
252685266
77408020
188182379
71095412
668672825
333892184
901081934
759917878
792387083
637436829
693195307
278657206
878105218
832179029
431375055
949152921
862221349
407456096
996721742
875738557
419027743
883394075
761107425
750318501
206737412
706030619
44232264
208583506
755980035
472762013
925798435
8665301
550170033
113980815
79760713
218842858
447872998
980842646
978760735
240260082
618279476
671956043
518917288
496384694
504135072
950292342
445537616
366356422
357748439
442259358
242094979
776776182
325653434
3202405
527094684
532390846
709233023
571326948
740974351
465213059
44088962
666772787
473878359
594258994
780753601
553639071
813101851
228626599
534481718
791862587
468886681
152761194
463818630
987803968
649145888
967953702
938096311
94683505
334310124
295844751
536942863
576405102
72620933
862596296
579607507
599715617
394987142
288840531
171042566
135961494
754053589
215131527
802734280
227931948
809390520
583487882
781571019
622492372
812114481
316052737
414354960
281001162
468813931
878173589
268805131
117959820
846127292
206901443
212643324
180437416
502746193
749586187
756842518
575367126
612182483
336450026
175082744
7169626
625290556
346125310
143131120
379344145
561256836
945865400
607276094
370647357
529353282
388847113
993139728
341467764
704899850
407494689
622468926
173713781
285668279
891274056
291673601
131795571
98175500
504316925
312232987
600921692
253903112
69075506
176288818
866085595
405525531
351371562
873255221
30816088
697496871
16386341
410160233
258753707
962251741
17436327
629401064
491605024
406283440
622540793
833072787
111183290
30035483
455541714
284897071
315703761
346815771
576570671
447499332
444991270
80887597
759732319
45912962
334790708
828807824
222201780
200876304
234333356
573573342
74131525
265149444
271070213
90517866
675309677
529823920
52769608
692746004
159224985
544374631
99029444
781765778
377447419
210212734
811801260
832989132
495109804
127505022
179804903
71680476
575004353
624796172
152568072
334736672
670709134
487358780
163544497
892910914
688235083
397877853
466484256
762366608
663027297
737554469
852884473
338336975
267378390
905654081
31082979
426603374
450028712
130112423
208369152
827476131
340325156
20170413
660465264
835434960
147675434
840270166
907115435
722679787
465066339
59683508
57416460
135775474
547042287
220960957
28686388
235277370
618838810
495170644
997643977
281866108
232725113
850528452
620203082
500103503
756182533
651286060
926706877
206211246
781398483
135076030
33687378
121723639
155246443
694152641
957158599
302921877
534422808
864274034
25601665
999489148
923957542
83018125
135264622
470999829
303979081
163951010
706277199
922817892
659121654
703921177
204684000
891846767
554449629
824887082
391950271
310632163
476173142
318657148
516843409
257571626
453733178
550530787
379295265
608979620
244683428
336453864
911901496
779106236
200727899
937503160
778595384
124685442
20521285
913860006
595685271
324500366
77811018
301962470
247318258
736932671
5883648
452002258
628779439
560333277
276889340
20729711
870965439
753062482
339386859
387808849
10634109
793120036
938339635
389929373
402099657
183023064
726383237
314001153
962129300
927111136
251504314
740724685
51796578
272025599
654584692
647481848
596525966
732395709
949444318
843844223
469328381
955327965
295846482
98107821
515661242
572735822
118837531
386626682
325798305
458224389
774435531
336432413
251344426
712775166
726361786
653444082
895798230
452745024
967445235
857927531
379856160
218949551
598652216
431652738
490975149
253236909
79134587
87501116
985632617
28578905
931345339
454960999
983906870
227191821
553068820
499568114
799927643
671906350
886194795
125725949
130130741
660630327
462158361
381475166
373405494
188520148
34919249
269203725
641265171
2364485
127131256
21121332
221314035
725783472
452774070
712289184
979020380
531908657
799790300
964652998
560487562
731135639
419613998
544394433
958327460
972682818
43962547
758255104
644589169
930157342
883981052
774719909
590787670
346139414
156195076
964193164
534659562
191114324
233396889
175924734
193478809
360528145
197046066
414792844
86311618
649820136
127082029
65331999
181728794
926872328
29984998
742216355
658007968
449598996
286610789
616335428
422281814
330573336
374590533
66870984
260730679
258571585
841590892
851518349
604710999
997785968
815711513
139370561
188900293
49108404
315295295
382379102
409636548
512341361
797171945
495948166
162161498
924253974
561280164
343890291
851126302
591265161
86106647
509134270
40864157
372717436
125469699
463145971
703290771
500060231
530016954
964021450
758631817
371607847
815539800
363342817
369393816
631251314
502713378
558294109
680359717
818008673
940673210
89996266
330350034
737845156
585944431
492511531
662099130
147224596
836401822
513225432
738489757
922508468
22359703
779353914
295225905
147829402
242499886
998516676
647889633
772516840
962538127
406521450
144124688
778077928
769864266
513518503
409329242
272577645
71812612
89688959
90586318
12485823
179685225
420936352
750330978
765629656
913447883
412430109
912854252
749849705
925655541
651344009
672358174
948015244
430697924
967584079
95844646
673197809
966100756
743734279
445714650
928638883
150255730
589839338
706716812
920119997
103357842
116046054
192697642
175170454
205735013
283283960
187656276
385420238
704220311
937987254
151049894
617668194
350417363
63904147
367517899
276072905
715248155
39876074
224088149
145946080
7460154
319932795
819143889
973560909
63667075
264858540
902199793
213922805
854697877
608916605
134042802
958055718
724962659
326740444
133226172
930697672
610024403
320882448
316117910
314244715
258869702
467167804
931912908
609287065
531071950
299430809
885359969
246320106
339306882
109448119
392266186
346767035
429380913
211410075
320327945
493047988
476268615
222527739
706970793
330966492
831444344
841013595
289022211
556407004
167754040
422248383
487104676
777778442
743130830
803222586
92023158
2000533
270390390
23936067
611287597
801462340
323366875
496647567
47782446
662673757
606095686
440048631
9440793
35476599
651458706
329768738
528524587
127727321
552296476
235495381
458693813
383740821
76508976
747716024
940147824
244263015
169964407
427252500
22041458
913095238
230475087
114064616
915095770
500865476
138000682
526383369
302327817
461367557
23030936
350110263
124041315
629126621
790158894
133482107
664603221
441617601
463250845
193127808
569344921
15547322
428623189
28038736
399288143
505132164
775754759
339435967
749395179
945719166
766688468
771436637
858814404
997163554
885501252
773910175
498029031
23501934
300293545
800356847
484869491
323324481
150467110
608910805
952451102
940626004
742392912
617054323
382243605
205643758
810182131
951588526
221191080
238805320
979627261
620479222
743937484
755382021
959915189
493332664
701101187
726603657
264769302
559915592
723767212
150270554
333825768
221796243
173772488
634119313
22153091
658641979
957443793
172620201
267552784
909894895
113246205
9945697
526949218
495489810
215589455
337131350
447078336
436780534
575936669
426705598
57259757
319874154
182087619
17174947
813206818
883188806
743778604
77976120
443104399
467545816
228246673
776930167
689342059
402019161
411049480
711495149
60661140
368493273
884115350
328213925
278388169
997361554
338159621
805337387
492851364
553749076
142468737
939929700
990529610
718405406
366635299
47789367
38279560
548722918
64964313
851486378
431911724
808742917
929462497
875016123
276288734
157709170
651946290
965630792
559728331
62995770
677125942
620389471
431489043
561241292
948603395
709877211
558602848
286763018
515214599
51454212
840512093
657683336
991383912
831041704
376088742
358019212
878831070
414368302
906742129
943795383
265854680
338653854
752538301
195317178
213669977
28827035
353026348
865616267
994457827
912754679
928612037
671583770
533144151
360101080
232825063
481747547
69978293
791427910
768510564
585192891
842882123
609022658
242876227
834266035
440064362
618964969
192285248
318895433
33333271
99027378
262690817
299187951
437681232
15229119
494505128
651351208
44056154
847531476
516967475
38513982
760286155
445579513
710097751
293430307
805680593
942922814
775177853
875658885
734350725
543688418
460851776
577232848
152711077
703728003
411498884
592775438
322692972
603784132
911670871
356026243
702811510
174361688
655214193
140492742
189590807
149719322
791843950
233646960
997250798
308811426
272160942
757536954
754390938
982258693
50967262
560071532
925181508
826145115
435730417
659532233
369833533
896582192
236765082
522544609
600310196
648263966
115320048
923003167
252048098
26990919
279029410
954859608
201352607
934243603
95352350
390943413
83962926
887196300
624590373
81213725
196007727
896751314
838750678
950398664
879010008
889717939
510470197
804191516
715863054
946200613
463723750
85696588
842782806
700488832
608241197
443093002
348752798
723561244
366096170
600800896
750552162
645125580
555660505
951904769
579369184
651012854
342848182
663332109
538209155
967438555
744545833
734216881
864189870
583296512
684615546
743199879
473014453
195085743
547391396
188877507
141286357
11115147
274574095
984069162
711603979
882815292
427162165
60356778
606376536
793258335
661157674
356928699
438383915
216818179
308833468
17753099
867831033
651681651
681085208
406040189
619120207
425631042
140257071
483310077
8927554
824872616
226509957
481942006
19958360
773901353
670819514
161244716
785016500
945393608
145313879
496620480
828208901
572476044
556977258
434585438
365734379
218134932
791514137
804118293
434953111
100347605
821871392
302784145
752029256
502956600
708824334
371149463
928587642
849081404
854459540
937515196
673954021
80969498
419457203
693912381
854870851
90276717
855157097
639887351
35670327
470977
136507832
863879227
572947020
693485089
298464665
938681399
911620020
89978802
742799693
346573132
190326407
564671086
649357276
942355663
67627687
358181610
313505126
996215329
207263015
167964667
933730525
881217035
248934164
353187728
575129417
103805016
443464445
430286514
743692367
479134772
430757491
880200198
343013999
3704511
573685288
641478664
942385910
485305309
731457465
685185604
831878441
921783872
249856690
481235717
864139536
317484377
839417327
177644662
313699706
46680343
345609329
247430231
927897377
594543493
600617960
503026795
698348508
44082406
933313308
442040875
523217177
364070799
322241074
866231175
367775310
895926362
507709839
310161221
381231672
239167305
995346824
213110113
160951177
245203514
694345830
25090714
562687891
533763158
202735375
876387596
580443500
548344704
123817828
508340879
142888197
724435787
11367674
841236705
768518192
944680982
283277581
291735369
308751782
605518654
157966545
676527092
501445017
665676384
986688313
882676688
904843688
982035137
95786802
65794866
227238652
790132632
90885580
789926543
323895790
293620954
666314139
904339291
841965658
790131967
412680170
984853855
514567755
424047844
826090560
283085948
368728826
109368142
574821317
677480609
714886796
732787862
354007701
216331813
398464246
340696014
99008502
303307934
322731152
194795303
369102800
549969803
984927935
459988379
339896347
308823726
753609333
6210486
213163017
595574992
796342454
625843187
580428847
310910209
49891031
406519408
593996157
418619857
515887550
168817475
96100466
230774346
901605336
450108167
447106159
300069582
790804181
546114660
603377516
113535333
740909964
972480316
663505136
725837899
432468696
3401483
34661625
186078030
9611969
247824642
781653021
805954422
873667828
362081870
116864633
923558859
768601278
710860790
342178716
284488828
879678264
438279182
515263174
781283601
888387349
962369332
81353184
679191530
508483993
684730700
792726863
249393957
657211017
456232000
975231856
89679713
459633483
9893481
275757742
469245452
257718123
57410764
275199875
131385951
419492633
392064507
54944810
188093912
102925297
397123526
472582739
982603561
835402708
987845913
763887163
723790058
950215245
845240346
402981588
458699239
529971046
195708452
708093195
187182064
651940451
683325052
276861776
111573935
693218532
552619518
580819386
950936655
610030282
856019261
82322607
29522916
248083769
137267417
217616827
351009066
534390943
690199566
333612628
369793652
678045479
97499791
93583710
628260725
942740136
496565298
86959964
472711183
692273750
795053159
659893247
344214202
478378211
936755023
455788136
171596744
489374541
36607523
122533399
99404823
892626784
204856005
128927739
140710554
342123422
346544565
491719619
876514365
36744132
825332246
246308017
714789610
922832036
339891727
343050335
865572173
836457024
430010299
338283357
528730775
225063458
998176604
872944976
703441669
934931627
328733113
875038412
424306168
365340635
997571811
523710991
257967420
202427817
652638730
398677973
544551238
999183295
890397592
421065603
35927427
715729838
667373620
750717037
638561875
7265347
93767373
504134050
843722371
523777672
842417407
372453146
748841129
840594011
245398123
452282798
775525638
574131235
327321211
199831806
939471870
324893022
723542797
197439291
527320839
376181528
596117263
71872077
375364823
486514855
492937680
411292250
202244694
160311301
162009288
840806570
167576648
255776661
344940620
11299019
779554332
187358027
383752165
528395462
27952038
629150288
980678259
803477675
203281524
307999471
3309482
142753395
632892493
726852278
340192685
160213332
103033807
936309948
232085408
478398630
422824804
725023088
889690880
625069498
885334388
51700168
465876068
52911037
307476829
810816687
64210056
87031161
998174713
447962221
615426623
26126752
77112509
596104883
829604426
280394033
904104353
832913907
423147427
536996847
559766186
763340112
697210178
662799993
699650061
929295586
141198623
122474865
654318674
30889504
747544362
539653063
82589672
213420431
592564100
390066500
24237119
656774155
477097661
22411833
104736376
92524285
48538584
181848885
688629167
878143009
462242918
592733521
711056917
885390344
129730368
270823105
648730457
826940545
933623097
348380518
756236132
74821721
470855383
410554806
105711224
218399746
950207869
188300896
431820177
542771969
578367396
456057295
199546125
55465058
478469127
304282501
147989342
527007711
486131386
836618509
405150721
948374303
429352031
116207639
833764648
559082399
387030743
482495105
386022945
320653841
830875623
142259077
395475561
301731006
552813883
501186785
520130752
503021752
689487681
951950928
45793723
267855077
408008223
245339847
323320135
886477350
549622348
471309477
413485061
35753735
307927986
818635782
984128038
737280017
934843421
817892687
296362417
321874164
300387792
682385361
642528004
131263416
824644438
38003566
432994422
377458321
539190351
953125174
880480073
228678033
905076102
926273796
496533109
313084326
171613644
819853244
199561677
721235992
291162721
613046738
756989727
599090707
431682521
741117765
336370725
366525942
559010452
632733141
688400105
859398244
315118503
330928110
990661660
139762942
368931675
423656083
517221262
908122026
376781257
397701336
136800059
281857360
323975132
633333168
594941685
495588776
453186412
794503362
216824768
744349133
407550101
973814494
343439841
839232621
714932260
679810566
205758564
273942712
312543708
894158668
133340957
627662211
225086779
124002618
767425152
594018454
547658700
284646414
502140480
924439957
682347751
638940539
206297318
6322884
272273707
801239003
501911659
725460119
595742365
718736428
469809253
3292467
692550923
813249094
842525087
407483183
493059661
48283651
681425895
805603368
942442319
814766852
433265579
167529099
938769470
200690731
761547552
486428171
485337146
263688033
410868129
167684897
902628571
617165447
174007780
174902279
418404450
675919439
900362398
14146816
394655867
370171652
17439282
87206790
183420747
859964369
494689973
676480407
908248020
176115869
482083776
850690340
990882721
915349355
18219439
929652192
116040087
779766991
416080364
601377232
43455024
826948493
769062128
946083595
444113940
943069907
120985875
862518389
618989347
21348274
876665205
13645215
391519926
894104487
100852005
574940672
754068856
595541977
251421080
662316877
771657846
733504856
513007218
762540568
648854211
531226656
692192761
764894297
310993648
108273126
366271529
354448672
935221618
135333658
300532268
379335559
78403566
421518142
241853948
697392913
442866416
118519154
711038127
834386341
12623642
811890131
409327014
766692498
407432109
660748093
429009375
179089956
394252950
942016593
941630524
43107161
473243250
633823286
808001458
784236897
742096411
174272988
138685570
677318029
309606646
439217837
56653589
388010212
860735979
298507536
85403126
303602395
417026690
796441253
137988737
429650331
608331384
547315750
196342830
15763494
208063844
625352205
194853450
602316793
567368798
136483975
645423954
40612048
770307260
453425413
824848945
512403671
627698400
963534515
189721701
937305046
402752353
246375289
325315259
263488333
544882826
410718384
567090727
961909515
207159637
705079464
391559848
815491021
252395215
587902677
831254515
460459058
213254882
26107966
62775852
780623680
162591940
708199806
821235728
932899199
161625219
646084674
445302872
789323619
609619189
635024572
726628666
12371542
881399861
51943926
275859874
426282687
462662309
842950602
388192203
669821946
548030066
779752050
485312967
800425281
367654728
316567483
260884339
580909610
342675448
323660191
361533291
505267388
31859998
182769019
438166588
193485217
828853693
883469459
982808836
438472883
518494032
709437502
450844425
399893893
761381427
726704299
826176580
224043737
569654901
214368784
893865683
117684968
994120834
379178650
918110248
361775562
695746133
178994588
942685172
38421581
502654779
304218463
543688969
534514776
486987482
981855556
727999992
315841176
865325016
710808829
754314058
383819048
420246332
205158484
783712941
181627760
931862783
609889522
405671497
501517685
824258305
299537180
619202652
818379139
678715830
537312901
180154702
374461964
716307489
122839875
412883545
218962268
427058338
956572513
753477044
914045820
938428069
481477037
229886997
803753086
192285867
984201055
187572134
612532198
189359539
971285074
794159958
121222322
581174597
199831456
622740006
405432902
499368635
241942659
223812042
178084466
779255560
403966744
552546430
495563049
526806619
965429974
714525317
953864957
922002488
468002362
867910777
860430558
949479398
97797775
664183644
141765266
81998830
851755778
754297463
271358369
823040853
548457422
392580691
404215451
748288878
15320698
809648353
247657513
257263357
33460395
425741980
36518917
437427139
978288409
532081966
964233758
943718385
246607284
918098715
865720873
714609645
786009493
726151432
664089044
883807268
390335077
805854310
965806097
242090856
560151774
237164466
65131710
108609197
629745157
469347160
856898074
645065855
278995514
104555588
902329211
312455909
530297567
938848128
749883048
508585977
470930095
714116806
452304362
717537379
632215522
318025236
432147025
418225016
44176668
96236070
302032284
434511745
902090379
267838381
676602600
462242153
505002848
741734310
570851349
134748005
211081471
427749423
779813859
490076984
532305011
682143071
802532893
62602579
620991200
552415941
571188555
91921296
266532748
23492918
809458674
898748270
341518154
241605699
316973286
385694822
337841768
619005570
820206566
239932148
886843951
496809167
702174301
391846799
238543478
273025651
526594804
449624948
700775074
306408664
939701933
233080085
988551735
742234826
295682664
609542936
294650768
866871219
701464231
561183516
890364137
510922906
459931787
231882292
752528605
776905073
617577113
90370374
395910643
437783680
330302522
282754594
934592847
32476823
674601393
173136325
305502473
201196198
622761273
6277548
507604862
562463206
239357632
496156598
304698033
535040296
105699534
599348800
401911515
807163764
160532317
292275653
318086671
620464103
524157944
70615277
397369176
141735058
160985650
793279818
579518737
491288172
76034414
514111585
523764994
750635806
687247909
829267467
951832004
310009183
835545014
459436866
872472388
74902647
955593464
177170422
609942943
61292998
776519221
11854459
868456762
937051538
304130111
186543434
557515642
828288055
257158710
954884817
970023112
418144360
748164637
549541850
909432531
824199050
63653435
433197526
574834857
750901343
262464993
526666861
60910527
98010008
986103727
933382914
172912655
941697192
110553337
782855598
2990191
887072558
794710056
871446953
824124097
98840167
57990388
381639739
927128221
315149098
336524557
897151334
733293458
84689194
446693184
642725990
908888244
510346618
75923516
483723101
261247962
338388509
10389963
322158488
436398517
996493690
255541403
609311172
938190883
366094739
392166770
941181073
253167298
186876826
812628027
77291395
285716993
870618415
458931134
212845214
185767513
795455691
109996549
919060970
880144885
556689732
561786960
789033129
67036351
637710476
272756231
328284312
976098985
283146193
650442799
412497502
279639885
905984202
21808675
217830768
272078942
413975444
159011842
525246240
600852270
971639869
602537635
886569262
842258284
61468769
99414478
28025799
856924460
209411026
947086768
737069345
766100758
508873729
526102475
833137108
146584206
798858706
161421421
122683192
82004900
811864220
535180693
361644784
717848423
556989368
579475551
989927364
970964812
738487393
515173605
571817083
710127263
117711240
458386345
552385548
179180010
557800822
580411346
36104470
767211848
527498115
773173815
533312607
36371845
299276290
366449715
182956051
98134996
527871136
305639242
180139896
339735357
840819935
541784679
57583780
397809304
121260231
47511145
368774117
859747624
562684750
940591199
569874888
680395990
398977545
122260436
859575999
956778367
702671782
895680469
723990216
230169898
668854284
257302823
266541743
968130574
623752538
449497793
66265571
151623674
755137035
246405466
491359030
595956970
788190145
548942810
993766274
909450376
596453955
362540391
769198001
159138706
303131590
339072889
839534695
702109135
461333325
699110695
658887503
164005108
594791165
382877719
394175005
263645449
640180541
660716748
231776024
263933079
110214542
298041594
415556753
865351576
544447061
906915783
461308547
332637206
455858594
455074822
242087583
52312550
817615213
11285584
211451255
120746803
350358472
50985951
822855938
811691797
750096646
481743441
975696904
344887811
864621159
369871910
608533260
504801701
30588659
840309284
768734780
140803200
138350879
184291534
6154777
682797939
91207317
467463323
15435146
547065911
922538145
257522729
599378460
740153358
268808312
810829715
860900161
619166784
861815666
683756099
430858581
611912313
165499541
406555486
956800124
30120701
776427395
565333385
534922402
807016053
405642669
303657182
947819253
543993548
487948715
953974029
226791488
579156032
421437353
242226634
126221943
343975498
499749362
725600403
84128856
768557673
536430119
945029017
387724457
398245785
628785117
818583038
10158098
794284658
225138524
966958222
824405358
1565920
532291607
359327761
808581973
937934276
662984942
756401227
481927825
150933658
710375256
708719312
730089690
131812609
950945945
856311632
475788107
450695308
581912036
559916962
219252982
118342155
504945980
606977439
516587940
133731097
425560478
526746037
928015755
650699002
493704260
752421113
652264922
25995867
111748875
460846895
963930143
774733817
217248122
445857969
925667475
927623378
154577282
655757165
59435988
105523228
512068798
535224094
556218535
93980835
95141057
775471517
212322990
600087036
382448956
728910929
733818133
808009433
255656967
661833888
458708435
749361227
414255003
110973358
775357094
526003877
571820253
739287237
300737695
789068375
185145207
226405170
716691754
339722488
882162335
776127741
445245715
394231134
311351835
1464251
488211969
406492892
776935767
700534958
6579929
159384724
429445888
740398062
967394156
685102855
402231951
426102593
434464082
816486953
537075950
209821177
342490831
108896203
949108414
643228525
897964578
134253621
869633695
614656332
473976109
751796031
390784074
919221824
146027165
702135909
920686074
634239134
108628802
697621842
334774092
115208731
857006565
764219980
855606793
824400723
449322836
257838744
250503316
883786918
74325698
787579265
93608095
416816528
896475468
42716510
60045054
794440047
176970130
929678748
409096380
650946238
681474780
799880454
570168063
827501944
502016364
490854138
461741079
610645165
188475980
796515171
725853896
45482546
560735152
581460689
869883268
10057988
839299433
120386585
893844906
913625130
907965850
987453001
330441659
804441319
30169511
390486712
598881366
207139640
320165461
7977746
858085879
1640241
807858200
428253942
829142185
309874564
919108079
290883264
920519729
107584060
87398435
646373625
153066606
648133587
227834314
22949874
658191575
67133747
143336459
552036481
980758877
51302309
539489482
311200537
855743627
569658992
701687248
454624994
776798633
21852710
462602740
634884512
23492950
270460940
63138454
852635135
580335504
982246533
143518400
500855234
89830593
230916835
147228859
242897198
879050421
375063173
265847073
537241997
442196921
409183531
89278478
422955798
460485840
628767960
734156334
316229467
198426953
435843583
770854461
975225585
457696292
233457201
610110097
481189242
503918141
673248552
333824378
84253645
655495085
477342777
585108878
745325678
708259612
732337737
988222876
587310033
107400911
254069949
124552030
549597831
663253480
213830509
972553629
123739320
842598468
706709964
439968787
41025422
142553547
210823248
16251008
600249839
444280449
626361105
81439082
948198590
299609657
415263460
32452236
955104741
892606236
617561114
700430420
600865848
349898852
688653297
188175883
457299763
942723245
312727913
6897595
605976726
526558421
979451223
729716046
369156889
686161188
169684833
410182311
828714735
380508081
426433318
428964575
824788530
52794423
510403656
772987120
352404080
925667116
805439355
307508821
818273353
423000470
7939242
419139201
772899321
696592538
607315083
230199085
639315784
920042996
237096679
245292510
446601417
216547903
975008555
815758306
902709091
144693389
225940618
731423826
525201470
652373935
160388402
349990000
705168357
670792058
122977121
57572437
596459174
928416476
365081259
414732527
351416946
373020500
833871728
124316269
69613039
441186812
354515353
708928822
361229809
591612032
954221332
807831226
808159935
929229888
623589532
710869026
73923278
849530149
442292853
599124747
501904085
602681254
949114747
207072443
273473313
72091868
264644880
869932487
508344
629726138
284665014
351925290
2746639
118536743
476241558
72359677
559723556
830756911
781288500
920953364
422368943
735509833
728784590
230528879
664739721
352374123
941397905
738662999
201904272
383690759
337787747
703808357
986372013
286902494
910880799
259845326
358994363
175525680
129777814
359502706
805251818
414442828
711427996
807998456
532979571
187669555
880358134
92703127
18426467
661646634
13656491
440795410
397156467
742441081
671324288
61896189
94815204
612722194
800559187
296719476
996412952
138346935
527834
982784965
425249429
911408633
242630292
784243791
86934313
372408105
143746498
892186130
786850933
855174494
700184588
319830504
42844050
580542722
412533630
61270516
242189356
426190121
502065925
639345822
168631202
173390214
701242010
263446406
786112407
501801198
560165882
782525360
640148133
560693715
765310326
65397563
472102348
7940618
849641353
559036661
380348724
993387851
451222792
167199657
848562346
151407380
487030160
891406396
731950102
899563790
952676912
974139457
325753911
454742838
613485280
494385113
628133052
314727291
757831518
414245460
816528489
317997400
196770821
456676622
878691115
962081146
522074185
350793463
970021764
371715539
909830124
350370488
365103391
361052917
517570144
213665738
512460297
4600305
105072135
244410399
904164094
57749047
218549857
229918006
512491885
832035136
724303119
140624937
146762427
482134637
554870396
963290916
800132037
751641216
419967539
678823152
713722363
942041724
29616617
683744128
313757263
939446740
34114616
678860654
300499658
551684760
892526392
812959954
556285064
997598527
57370354
460449159
55347574
275920210
690367165
567839458
107955347
414670284
708464395
254717774
896804921
263334792
218008690
696936959
14976009
637976229
375760112
728698372
580017953
405376728
412442500
893775216
344823469
446557115
572635871
645323126
998241875
465162264
458283081
554526940
462760791
515653434
14976100
518108365
791573644
705343264
85947823
899528990
120013548
794412218
154246765
16818470
57747010
372255454
713755428
72723018
10231684
89515540
801421390
590249637
494892268
213863890
484024853
839715736
660421005
56660725
485038863
658662881
521822989
943321943
213189821
984583779
458975378
228165920
502692144
250549023
933509184
588639968
150078014
53522733
383052186
304324778
70341202
440799195
676580232
784096630
513522213
686811915
873612170
314943604
277061552
368504438
528807493
761086406
208220175
189228499
817747131
693259037
847891380
339570120
636580982
61081201
324153900
95556361
289247121
826846044
346105383
222756306
415486012
496183396
276279038
798538197
800508174
346620239
239337393
477088406
130716870
752859607
163900322
4329040
67803211
440961875
372833478
596610704
202048281
581053652
785839203
19795412
274312691
633730583
359365532
910893672
694811784
683519432
6450033
984058905
510365477
352555415
206815211
925851489
848738812
483094249
724389687
649246986
829714488
963727080
126335393
960431357
716586687
290235715
964760397
784389898
731197589
337593876
381000602
933245869
918647528
166839806
953041282
192960219
800570388
312406814
103853891
495382173
995926246
110303923
479441079
506291723
462859338
686256290
432143213
311598150
169350539
156532901
960845136
999065027
120259982
87180530
959496385
836846668
377416244
924256783
621236567
108613834
261850659
2237170
41859704
180498187
169076975
994900985
373458406
969647363
307307800
477312296
465029537
303234046
587616219
944470616
809525769
50475558
630726906
241668983
362073708
800077446
398201883
