Line 1  [OK!]  : Case #1: 0 10 20 47 -1
Line 2  [OK!]  : Case #2: 0 29 8 8
Line 3  [OK!]  : Case #3: 0 44 17
Line 4  [OK!]  : Case #4: 0 14 -1 -1
Line 5  [OK!]  : Case #5: 0 -1 56 -1 13
Line 6  [OK!]  : Case #6: 0 65 36
Line 7  [OK!]  : Case #7: 0 -1 32 -1
Line 8  [OK!]  : Case #8: 0 -1 -1 25
Line 9  [OK!]  : Case #9: 0 66 41 41
Line 10  [OK!]  : Case #10: 0 27 27 27
Line 11  [OK!]  : Case #11: 0 70 35
Line 12  [OK!]  : Case #12: 0 24 24
Line 13  [OK!]  : Case #13: 0 22 31
Line 14  [OK!]  : Case #14: 0 24 24 24 24
Line 15  [OK!]  : Case #15: 0 -1 -1
Line 16  [OK!]  : Case #16: 0 18 18
Line 17  [OK!]  : Case #17: 0 22 22 34
Line 18  [OK!]  : Case #18: 0 39 22 39 39
Line 19  [OK!]  : Case #19: 0 23 23 23
Line 20  [OK!]  : Case #20: 0 -1 17 -1 50
Line 21  [OK!]  : Case #21: 0 45 21 21 45
Line 22  [OK!]  : Case #22: 0 8 8
Line 23  [OK!]  : Case #23: 0 30 57 57
Line 24  [OK!]  : Case #24: 0 19 19 19
Line 25  [OK!]  : Case #25: 0 60 70 31 -1
Line 26  [OK!]  : Case #26: 0 -1 -1
Line 27  [OK!]  : Case #27: 0 100 71 71 29 71 100 128 110 71 29 108 29
Line 28  [OK!]  : Case #28: 0 -1 -1 -1 -1 -1 -1 -1 -1 -1 -1 -1
Line 29  [OK!]  : Case #29: 0 115 70 -1 70 44 90 -1 44 95 44 176 44 -1 44 176
Line 30  [OK!]  : Case #30: 0 109 109 174 52 60 72 60 109 137 35 210 173 35 333 35
Line 31  [OK!]  : Case #31: 0 42 88 42 171 42 259 -1 171 42 171
Line 32  [OK!]  : Case #32: 0 21 48 70 21 21 21 48 70 97 21
Line 33  [OK!]  : Case #33: 0 -1 -1 -1 -1 -1 -1 -1 -1 -1 -1 -1 -1 -1 -1 -1 -1
Line 34 [WRONG] : Case #34: 0 85 32 73 32 55 98 66 34 73
Line 35 [WRONG] : Case #35: 0 36 90 127 36 36 68 120 66 140 137 68 84 108 66 36 103
Line 36  [OK!]  : Case #36: 0 123 123 123 127 100 123 72 160 100
Line 37  [OK!]  : Case #37: 0 115 39 -1 -1 -1 -1 39 39 -1
Line 38  [OK!]  : Case #38: 0 134 134 40 40 295 40 134 40 234
Line 39 [WRONG] : Case #39: 0 315 246 315 -1 175 130 107 -1 -1 -1 -1 107 -1 246 175 246 78 184
Line 40  [OK!]  : Case #40: 0 -1 227 -1 -1 230 283 162 321 -1 -1 140 68 162 -1 200 283 241
Line 41  [OK!]  : Case #41: 0 46 46 118 153 123 118 129 118 123 46
Line 42 [WRONG] : Case #42: 0 84 143 114 105 157 125 99 157 89 53 114 105 89
Line 43  [OK!]  : Case #43: 0 97 98 98 98 98 71 71 71 71
Line 44  [OK!]  : Case #44: 0 -1 -1 -1 -1 -1 -1 -1 -1 -1 -1
Line 45  [OK!]  : Case #45: 0 -1 20 20 44 -1 -1 -1 -1 -1 49 -1 49 -1 106 20 108 106
Line 46  [OK!]  : Case #46: 0 81 54 28 28 54 54 41 -1 81 52 54 54 28 -1
Line 47  [OK!]  : Case #47: 0 166 200 352 162 57 92 92 -1 106 176 140 57 140 92 106 193 57
Line 48  [OK!]  : Case #48: 0 74 23 49 23 -1 76 -1 49 76 116 126 -1 49 175 76
Line 49  [OK!]  : Case #49: 0 -1 -1 -1 -1 -1 -1 -1 -1 -1 -1 -1 -1 -1 -1 -1 -1 -1
Line 50  [OK!]  : Case #50: 0 394 46 293 199 90 159 101 188 199 46 159 101 90 343 -1 343 -1
Line 51  [OK!]  : Case #51: 0 -1 -1 -1 -1 -1 -1 -1 -1 -1 -1
Line 52  [OK!]  : Case #52: 0 541 523 516 405 666 433 312 433 517 541 582 472 312 472 433 264 523 433 169 169 433 312 552 433 523 794 541 517 264 568 433 312 523 517 329 312 413 547
Line 53 [WRONG] : Case #53: 0 106 246 240 190 255 246 190 106 106 191 225 175 164 330 106 175 106 225 190 290 164 246 106 328 106
Line 54 [WRONG] : Case #54: 0 402 402 794 402 648 512 538 878 247 708 300 143 729 648 247 247 398 843 46 247 46 416 515 402 520 -1 398 490 732 512 715 145 402 -1 520
Line 55 [WRONG] : Case #55: 0 286 213 213 391 213 277 213 213 213 340 286 277 277 213 213 213 213 213 213 277 213 286 213 213 213 213 213 213 213 213 213
Line 56 [WRONG] : Case #56: 0 190 140 266 127 205 76 76 256 80 76 145 205 127 192 273 205 133 203 221 133 290 80 146 146 249 127 205 190 240 145 190 76 222 190 80
Line 57 [WRONG] : Case #57: 0 625 342 665 553 610 618 585 710 442 704 704 619 519 673 689 625 595 553 627 459 585 519 442 239 646 762 720 442 704 459 553
Line 58  [OK!]  : Case #58: 0 -1 -1 -1 -1 -1 -1 -1 -1 -1 -1 -1 -1 -1 -1 -1 -1 -1 -1 -1 -1 -1 -1 -1 -1 -1 -1 -1 -1 -1 -1 -1 -1 -1 -1 -1
Line 59 [WRONG] : Case #59: 0 298 85 165 298 266 240 257 248 298 85 362 266 170 165 266 345 170 399 135 164 165 170 266 248 266 164 164 266 266 242 469 165 266 85
Line 60 [WRONG] : Case #60: 0 235 324 148 181 233 258 292 144 148 181 258 144 258 181 321 235 292 381 324 233 324 181 324 233 314 286 181 292 258 321
Line 61 [WRONG] : Case #61: 0 270 258 264 340 142 175 339 272 175 264 264 264 375 175 221 264 264 339 250 60 302 310 272 250 323 264 272 287 175 250 264 302 175 264 264 175 115 494 331 264 264 318 250 332 340 318 60
Line 62 [WRONG] : Case #62: 0 243 243 408 343 343 343 343 353 343 243 243 353 343 343 353 353 243 353 355 398 355 353 353 343 353 398 343
Line 63 [WRONG] : Case #63: 0 731 569 731 161 385 1006 872 1006 569 1104 864 1082 864 1082 1082 569 884 1267 1180 1179 1006 936 385 569 1006 1361 1186 864 1006 1124
Line 64  [OK!]  : Case #64: 0 462 462 652 140 140 619 395 189 619 -1 294 382 -1 140 243 -1 507 294 619 662 421 382 452 357 -1 395 462 -1 -1 462 -1 -1 525 421 -1 556 556 728 536 421 488 357 382 535
Line 65  [OK!]  : Case #65: 0 -1 -1 -1 -1 -1 487 -1 -1 -1 160 -1 -1 -1 -1 -1 -1 -1 -1 -1 -1 -1 -1 -1 -1 -1 -1 -1 -1 -1 -1 -1 -1
Line 66 [WRONG] : Case #66: 0 263 325 273 310 199 199 285 284 263 261 273 325 199 339 199 469 199 273 360 273 114 199 199 -1 284 285 273 360 284 310 372 325 310 310 285
Line 67 [WRONG] : Case #67: 0 182 182 240 182 182 182 182 182 182 182 182 182 241 241 182 182 326 182 240 138 182 182 345 240 182 286 182 182
Line 68 [WRONG] : Case #68: 0 440 454 737 514 514 340 454 218 -1 787 635 787 144 245 144 560 405 598 -1 144 471 270 144 622 322 665 560 598 344 -1 609 454 617 265 218 617 528 344 270 322 490 -1 417 760 479 528 -1
Line 69 [WRONG] : Case #69: 0 489 290 260 483 374 361 290 376 218 260 374 260 434 260 260 88 260 260 260 376 218 290 374 330 361 290 330 434 330 306 290 306 330 308 330 306 260 290 330 402 361 218 290 374 260 330 440
Line 70 [WRONG] : Case #70: 0 391 495 324 482 825 265 184 324 339 469 400 184 324 374 324 386 429 544 257 -1 324 324 102 495 553 265 495 184 265 400 242 324 324 339 324 414 287 147 400 400 318 242 643 390 140
Line 71 [WRONG] : Case #71: 0 170 170 516 346 337 259 280 273 273 244 170 259 294 170 170 259 259 244 259 352 259 170 170 170 244 244 244 373 170 244 352 111 170 170 337
Line 72  [OK!]  : Case #72: 0 763 1003 1197 763 1005 1110 1073 567 1003 892 936 1003 567 981 1071 936 929 981 1100 567 1356 1243 1100 855 676 1422 981 676 1496 855 1262 936 986 1118 1113 981 1073 1188 567 724 1197 763 892 1101
Line 73 [WRONG] : Case #73: 0 271 267 289 232 232 252 232 232 289 118 345 390 153 307 346 232 288 249 134 345 289 210 210 289 210 210 197 306 313 306 288 232 210 346 280
Line 74 [WRONG] : Case #74: 0 448 524 468 617 519 587 523 755 365 519 485 365 701 204 395 587 485 535 524 586 519 382 586 450 764 586 198 382 524 587 519 778 521 519 637 365 198 586 450 395 365 -1 363 586 597 519 519
Line 75 [WRONG] : Case #75: 0 121 316 351 316 286 316 293 351 316 351 213 316 316 316 316 316 172 121 293 316 316 293 293 316 316 316 326
Line 76 [WRONG] : Case #76: 0 361 199 419 168 283 238 392 168 276 283 419 328 283 199 361 199 92 328 283 283 92 292 283 167 199 92 199 311 92 311 199 262 199 92 320
