2008
0 4 0
0 6 0
0 8 0
1 8 2
0 4 3
2 6 1
0 12 1
2 10 0
384 278 294
10 150 363
191 264 2
173 212 68
283 363 68
1 10 70
394 12 230
422 285 199
4 414 92
457 363 497
306 85 337
347 314 125
83 315 435
44 10 277
3 404 255
4 8 240
6 95 296
435 468 98
6 153 302
287 366 445
441 32 98
482 210 68
498 87 307
220 29 233
4 11 209
341 297 119
347 422 380
265 342 194
35 125 488
244 228 360
433 438 276
475 359 30
236 319 144
429 277 444
114 107 405
12 370 2
325 471 491
273 2 6
455 170 43
198 356 349
6 300 247
341 312 106
6 379 321
3 23 209
283 425 63
10 453 380
469 474 382
434 161 200
400 460 2
191 427 7
91 13 437
4 11 388
349 160 337
343 207 6
322 320 222
440 441 11
128 485 421
423 397 131
7 173 126
223 141 399
299 25 210
320 233 495
380 274 351
361 80 494
122 5 462
327 445 203
285 5 29
9 4 11
254 304 134
1 3 369
1 289 250
304 364 254
187 153 476
158 8 415
461 29 51
57 295 200
40 429 1
5 160 36
340 216 5
11 286 344
178 239 450
368 293 10
330 183 42
327 2 361
24 82 191
497 9 191
25 115 206
313 10 6
417 79 447
148 13 132
358 313 215
13 413 111
190 356 121
488 339 271
357 107 350
206 10 446
374 374 290
4 258 472
101 119 13
75 158 13
271 418 70
123 174 432
183 293 58
22 75 448
232 38 55
99 82 17
232 297 339
219 3 313
478 11 177
208 358 500
128 237 319
64 245 306
292 1 90
494 306 323
218 94 127
487 5 315
180 263 89
211 295 347
138 154 74
426 3 10
464 91 1
72 134 290
105 306 369
486 196 450
468 264 97
2 37 11
4 33 380
271 173 235
284 399 64
9 74 8
48 83 233
455 9 141
160 263 42
224 13 155
322 366 172
270 202 154
408 229 12
7 335 11
399 53 190
7 17 110
1 110 82
339 427 148
288 33 282
351 91 351
314 495 82
221 483 488
297 405 393
298 135 7
58 96 463
484 155 310
433 9 64
183 186 286
491 315 117
393 29 13
7 119 338
83 311 389
316 438 9
284 158 3
270 152 8
140 389 394
1 200 432
278 158 453
142 369 185
277 267 455
309 279 56
275 1 498
413 383 194
440 422 486
355 263 42
353 163 400
155 3 1
291 492 38
360 372 488
91 3 166
70 362 352
301 139 365
33 105 180
413 470 171
7 150 11
327 184 470
153 4 290
132 265 49
378 334 450
156 469 461
324 172 178
246 262 324
101 76 43
160 290 470
13 384 134
305 482 167
468 193 403
132 175 11
184 488 74
63 434 3
142 227 481
5 306 30
399 63 12
12 11 227
290 209 439
494 211 3
114 139 422
330 181 96
12 12 5
470 10 434
88 95 500
340 243 87
350 187 12
134 223 274
20 4 125
260 419 213
206 234 235
316 88 170
488 13 12
206 205 58
404 393 23
444 11 379
201 383 400
90 354 7
11 108 418
422 13 1
124 434 318
432 210 157
70 496 172
70 302 153
341 244 92
28 2 51
125 6 500
295 116 343
438 199 440
14 129 305
347 139 496
6 227 159
357 3 447
112 104 326
217 175 6
268 14 20
8 333 280
454 296 108
438 9 85
6 493 497
440 236 374
165 252 252
340 166 303
80 48 485
62 432 29
495 44 124
188 144 8
321 8 19
9 196 6
13 99 473
3 298 48
17 413 378
54 433 36
108 50 362
335 326 429
264 116 5
186 101 409
350 3 317
86 266 431
3 130 253
367 396 13
348 27 63
130 101 398
276 45 321
19 295 135
409 63 5
4 9 335
97 485 13
466 217 344
188 103 361
380 442 9
136 163 371
8 312 16
235 5 194
340 495 6
383 476 239
452 312 169
314 500 10
465 347 73
241 124 58
294 282 115
8 97 384
68 301 175
434 3 450
24 293 130
11 141 44
2 26 154
53 458 288
41 327 206
379 170 7
21 222 384
268 383 12
54 109 269
199 1 10
4 255 58
324 397 443
13 356 355
135 282 474
139 11 400
485 162 281
424 1 1
11 5 13
13 118 137
61 115 438
249 121 13
333 5 4
128 369 5
342 11 106
402 490 491
12 200 1
458 349 18
170 5 129
19 86 8
255 208 401
22 3 191
135 326 7
143 192 21
3 143 431
35 10 8
145 7 23
426 2 493
11 31 50
13 90 449
13 6 77
298 140 6
10 24 237
418 354 225
351 3 243
165 142 112
411 5 456
417 282 459
307 402 175
266 67 170
135 37 407
198 261 71
6 9 278
137 194 447
368 97 41
5 451 303
131 26 191
6 435 296
136 1 321
401 362 475
115 429 53
126 434 278
450 152 6
300 9 129
300 90 377
267 485 260
277 72 5
185 491 276
282 251 13
265 259 445
270 478 258
143 473 5
6 250 468
59 303 464
39 15 434
431 170 160
496 314 219
30 393 444
8 314 1
97 6 200
70 1 390
370 9 10
296 415 365
252 3 239
12 127 446
395 307 457
296 285 361
383 9 196
6 367 364
5 291 162
94 102 2
152 89 448
276 2 330
5 8 402
165 73 312
43 11 360
259 13 298
295 57 126
254 72 4
220 4 204
9 287 95
359 9 199
14 231 448
159 379 108
54 8 176
4 10 127
87 3 7
252 2 411
393 1 151
5 2 329
452 219 424
15 1 308
130 295 245
79 127 261
187 185 383
140 349 445
56 486 284
247 56 43
9 290 51
57 43 415
459 110 5
282 217 261
264 4 400
471 278 130
13 418 280
480 238 248
496 25 500
4 144 12
133 97 219
442 4 287
395 336 59
338 316 118
499 281 7
10 24 253
210 326 257
72 3 486
490 45 389
471 342 380
6 1 251
285 489 136
425 99 114
10 463 111
258 441 387
300 290 447
12 13 5
369 11 177
254 464 120
270 210 181
233 1 321
11 30 229
4 245 2
6 148 440
194 11 11
351 360 230
149 489 407
455 370 304
471 212 227
441 65 27
5 42 1
60 266 405
468 33 409
8 295 52
243 2 281
494 399 329
10 8 9
150 169 147
221 159 415
6 55 316
258 136 47
484 204 34
349 301 9
150 122 304
222 44 5
463 371 394
62 325 267
460 394 187
58 47 496
2 97 493
11 1 404
164 235 435
50 319 5
405 193 445
5 257 27
328 55 297
446 10 3
7 158 347
61 428 54
441 7 11
149 1 278
13 325 255
255 379 343
5 328 12
11 5 1
7 491 197
150 194 8
152 88 125
460 184 107
168 137 8
110 126 158
71 86 484
13 53 5
433 431 467
305 72 295
276 9 208
74 158 394
351 11 461
3 27 212
9 478 161
291 380 188
280 364 125
13 67 230
459 272 374
330 204 446
10 4 369
1 156 437
72 459 477
18 200 11
328 197 111
99 83 54
348 155 115
6 161 3
484 423 38
108 497 248
150 351 3
239 56 206
336 412 489
484 337 359
303 92 121
109 389 58
362 241 41
142 342 224
345 153 317
260 328 473
2 2 39
172 480 20
10 13 418
84 29 296
451 167 257
430 219 430
11 8 216
238 391 383
306 423 258
382 124 337
390 28 174
216 409 131
305 457 56
12 9 398
198 5 30
1 132 378
92 70 371
4 124 8
476 4 260
250 474 482
236 273 21
375 446 316
348 194 281
205 397 92
290 6 268
13 388 73
8 224 243
206 183 264
368 422 266
8 59 21
92 180 229
91 198 360
2 12 167
201 315 2
339 338 419
74 8 194
208 247 450
49 374 40
277 278 13
23 109 152
70 241 182
193 70 147
7 24 476
6 6 196
70 177 430
56 258 7
82 180 250
4 373 417
162 452 4
441 69 467
297 349 1
197 278 106
2 173 430
273 19 7
427 324 371
197 7 9
364 436 348
19 223 326
3 448 379
11 163 152
352 13 244
12 299 451
230 399 13
309 379 350
164 265 152
2 11 221
291 169 108
440 441 494
118 152 409
456 442 11
340 5 127
17 4 211
156 291 43
13 289 212
312 4 1
197 88 237
163 335 290
405 8 97
330 157 159
166 387 75
62 409 7
67 3 436
298 335 387
191 2 186
215 315 341
431 365 8
187 263 73
326 390 121
1 493 10
270 381 28
325 7 500
171 253 326
483 399 8
148 33 235
22 117 439
327 306 304
233 1 259
13 24 465
133 349 308
7 438 434
24 491 9
486 473 7
3 176 459
320 455 461
102 442 398
414 487 11
403 246 324
2 126 9
123 231 9
191 414 338
8 84 8
244 327 136
419 378 224
331 418 275
456 416 450
180 6 302
151 477 239
127 203 404
94 476 499
128 3 175
148 324 468
219 227 5
306 5 280
138 165 237
67 10 110
353 202 261
357 491 26
47 213 44
8 217 498
482 8 400
2 91 2
76 34 71
206 447 192
261 374 4
134 286 298
191 289 354
10 260 346
3 2 320
271 38 410
367 140 104
41 88 426
11 222 333
245 470 245
5 222 10
176 377 232
455 126 305
336 16 173
476 15 8
87 125 282
290 362 475
350 216 323
231 482 67
93 71 339
9 1 6
178 333 243
483 9 419
423 419 246
409 379 148
65 494 5
480 302 476
470 6 213
6 258 242
73 11 481
19 56 205
12 401 348
489 38 374
84 88 5
197 331 4
81 8 386
304 301 271
283 465 86
1 380 362
190 211 447
183 89 367
358 4 225
306 385 32
460 490 166
52 6 79
329 86 355
446 122 370
427 205 296
132 41 150
12 117 315
291 308 263
180 78 361
498 13 301
290 79 405
92 280 312
255 89 330
280 264 161
155 115 65
451 199 388
460 34 38
185 300 59
329 490 47
419 160 180
300 430 10
304 4 59
34 3 221
314 428 492
304 26 443
39 186 443
488 367 82
170 373 1
439 141 415
9 393 34
273 280 96
5 7 69
500 220 4
316 484 445
10 320 203
370 129 284
223 158 363
146 11 438
235 184 9
468 467 34
492 495 405
47 418 372
4 494 85
256 35 389
272 298 495
259 8 161
6 9 114
432 413 47
59 168 445
392 264 10
20 299 224
299 4 259
162 229 7
6 281 174
146 497 254
371 125 434
128 306 350
479 3 437
4 4 448
42 95 355
395 8 246
219 193 222
440 404 110
24 50 112
260 91 43
406 373 308
395 344 254
480 13 441
75 224 7
473 2 11
211 24 201
2 61 33
313 358 395
60 5 296
322 167 387
247 445 385
157 92 186
382 7 481
92 54 27
269 174 212
465 9 3
258 34 156
1 68 479
47 292 329
5 369 385
90 390 461
195 113 420
447 9 261
118 261 111
430 39 293
229 7 6
1 357 105
228 76 120
428 495 145
277 220 223
441 6 422
3 156 172
242 14 7
5 222 102
1 6 397
390 317 104
117 6 123
87 429 384
84 5 6
23 13 222
383 247 301
11 63 244
176 104 281
19 227 373
482 161 264
256 344 197
55 264 336
357 188 466
447 184 35
139 11 10
7 62 470
75 300 7
49 497 161
56 297 132
498 198 124
419 176 85
442 1 201
6 67 336
388 38 8
366 142 332
123 271 82
295 218 116
182 18 269
327 448 192
385 462 472
143 395 96
473 203 206
460 11 5
9 287 381
6 386 143
276 155 403
350 492 268
13 287 408
6 288 330
181 433 278
128 64 427
2 44 32
127 390 6
10 442 105
343 2 203
54 9 464
287 358 277
141 12 19
179 285 3
243 377 50
58 261 72
89 274 39
187 156 414
63 80 64
291 83 5
98 9 85
286 219 471
313 3 40
494 2 152
85 365 460
3 258 120
303 16 168
131 347 153
472 191 71
28 487 377
277 207 173
228 1 348
433 8 248
16 288 39
399 8 13
13 323 1
418 322 6
10 499 115
289 317 13
137 476 25
147 129 298
168 112 123
10 148 483
105 95 12
479 273 2
442 355 60
428 71 68
203 29 436
316 485 165
247 275 7
316 458 7
25 96 481
141 444 384
32 124 461
7 283 225
247 325 265
424 429 3
387 443 397
265 377 148
380 395 132
245 363 433
409 9 228
450 233 4
274 261 151
339 12 44
205 225 61
398 365 10
170 261 54
235 23 330
106 55 105
8 12 80
1 470 143
208 141 418
79 10 498
126 74 423
481 1 424
422 247 234
426 404 1
113 324 440
40 2 448
291 286 200
251 5 69
237 57 412
165 8 9
309 66 1
484 292 488
329 317 235
327 82 316
403 17 468
263 277 12
3 148 12
475 225 59
231 135 119
2 281 4
403 81 75
24 394 8
158 409 219
193 8 114
128 45 296
361 11 82
288 320 11
3 145 370
172 165 93
46 252 481
322 449 485
2 487 304
242 454 250
10 89 146
394 254 484
396 278 106
226 385 132
3 437 111
8 12 328
130 203 70
320 13 308
10 112 96
485 320 309
459 11 265
428 392 480
12 277 99
366 1 105
424 244 362
24 72 440
4 433 349
241 11 81
304 23 2
40 420 440
12 452 182
297 313 5
7 380 4
326 7 386
10 83 411
82 41 57
479 292 287
304 232 445
348 155 471
194 20 99
2 378 417
12 491 186
251 260 377
227 474 33
125 445 354
426 426 100
440 237 175
7 263 110
374 214 68
495 324 188
3 235 119
452 103 340
6 53 420
362 349 344
173 460 480
376 463 125
147 490 467
377 3 8
294 496 291
410 3 7
219 226 352
9 482 99
487 375 4
121 93 395
306 11 11
99 103 274
229 304 192
158 82 448
261 294 9
87 344 228
201 461 353
5 472 5
222 6 183
195 411 147
381 136 74
443 392 428
9 324 354
328 265 81
363 8 468
69 326 423
270 24 473
256 41 126
397 173 324
108 381 162
442 8 12
17 390 66
342 27 252
480 457 9
258 170 469
337 9 28
55 4 83
158 489 157
2 239 141
129 166 239
1 395 161
91 465 11
362 322 409
294 466 297
430 12 12
432 371 11
99 450 290
313 332 204
4 40 4
443 10 109
94 153 218
199 402 435
459 11 85
234 245 2
110 1 327
467 9 87
424 227 284
368 259 237
309 446 243
30 359 278
266 308 214
314 383 11
52 113 150
5 170 12
131 320 411
378 45 430
136 100 134
11 355 347
52 314 152
338 419 8
2 4 242
113 28 99
181 198 190
391 12 314
84 32 160
183 63 119
324 33 294
216 469 65
161 250 363
156 418 2
397 46 21
467 99 47
334 422 379
311 6 12
328 101 343
5 235 401
86 451 11
280 111 206
186 3 7
483 12 204
187 413 299
177 181 272
8 302 251
278 227 116
9 5 33
137 100 493
12 485 499
145 158 263
305 8 50
11 261 49
75 216 439
7 228 47
15 13 7
284 59 174
493 194 117
249 132 217
24 74 251
182 1 11
251 497 255
120 435 203
13 4 119
8 154 98
208 21 363
73 437 9
443 141 263
280 498 468
389 462 11
446 41 498
330 221 491
10 147 161
496 134 5
313 83 6
11 78 10
332 145 9
102 419 471
361 371 12
447 146 100
182 7 417
186 493 4
168 22 56
16 458 262
479 242 11
69 181 436
359 196 302
3 155 11
68 478 363
496 2 317
282 266 12
58 173 405
304 146 388
8 28 184
144 83 268
439 135 362
5 182 375
107 397 340
359 91 116
127 5 405
311 471 398
128 454 139
246 210 200
130 464 295
197 8 334
275 288 145
281 5 2
415 129 11
25 90 77
418 158 477
53 191 201
1 107 2
1 68 2
169 95 320
495 148 196
3 79 7
224 464 293
220 11 4
229 299 216
198 206 65
173 11 151
86 19 407
78 464 13
258 62 21
25 191 415
188 18 393
242 97 26
274 333 395
341 9 60
32 384 371
329 88 302
69 458 154
20 291 3
153 41 462
9 389 3
146 20 11
66 2 30
210 498 252
389 8 203
233 10 164
5 247 246
274 408 4
411 337 247
125 6 267
435 6 472
165 389 8
306 445 473
1 377 2
128 461 21
74 5 323
367 456 101
93 448 2
371 8 10
221 1 165
260 356 376
34 368 200
156 5 34
227 369 3
11 220 108
315 473 203
13 293 429
92 136 39
216 73 351
167 1 259
473 1 448
1 117 5
279 333 5
6 339 385
12 183 140
245 218 408
99 368 8
315 2 1
221 87 28
452 226 449
427 477 264
365 139 280
72 297 445
11 51 76
377 94 13
319 87 287
7 415 234
350 344 486
28 10 5
212 259 5
51 62 4
191 202 409
355 295 108
485 84 417
19 173 12
9 215 324
12 457 322
203 327 77
12 272 201
3 21 348
385 492 207
22 32 134
47 233 184
10 1 375
173 6 1
498 3 1
7 416 442
94 236 416
487 83 410
185 187 127
423 1 316
58 4 11
374 2 186
380 462 83
272 305 146
399 406 279
449 246 160
5 167 346
210 375 13
394 75 471
480 492 350
309 309 31
65 353 367
83 275 9
118 10 246
117 222 314
230 221 380
358 93 28
260 238 271
403 385 433
81 12 8
77 347 275
252 374 194
6 215 4
283 77 12
1 1 112
431 357 7
355 115 339
481 317 86
6 304 239
172 490 298
405 492 5
2 175 4
17 356 316
45 14 362
11 5 169
173 11 9
48 137 434
235 196 487
88 414 435
56 159 239
241 252 6
9 161 401
7 248 281
359 321 320
398 7 125
88 9 177
424 285 7
382 12 232
418 24 66
1 70 223
33 264 149
468 353 8
141 376 220
23 49 227
3 428 94
412 312 339
114 235 113
12 185 4
145 394 244
10 246 54
5 317 492
266 8 275
4 381 123
9 3 163
455 333 312
13 55 409
213 2 13
3 65 10
87 305 1
281 490 474
55 256 70
6 189 9
340 185 246
91 475 172
214 69 269
356 258 284
478 313 1
381 184 95
406 317 432
26 292 51
339 383 8
2 9 69
259 13 9
428 482 2
232 113 175
82 273 109
335 248 173
153 116 78
13 158 248
6 92 205
23 131 455
344 178 4
406 134 492
409 67 126
131 497 233
192 191 253
5 137 187
2 407 169
2 244 8
71 93 12
472 431 119
159 2 29
1 114 154
4 63 250
1 89 443
9 435 12
474 139 84
275 192 27
374 190 26
197 464 300
478 24 99
316 240 29
474 1 4
362 207 204
195 348 240
7 307 481
92 180 454
358 362 296
288 375 412
77 181 467
274 488 375
188 468 353
75 52 93
396 207 4
199 76 428
2 11 485
161 24 40
252 8 2
353 262 270
30 491 50
351 472 392
184 12 6
83 189 289
13 147 52
2 236 390
263 188 5
393 9 311
95 201 118
429 334 35
342 170 233
66 2 432
35 175 48
6 5 277
328 219 1
10 493 253
32 423 422
456 382 27
13 275 300
101 4 343
275 63 65
344 4 481
324 1 419
486 257 287
2 238 57
213 9 450
441 386 412
1 154 292
43 309 6
6 3 8
374 424 67
37 18 3
140 4 13
9 491 258
176 336 462
453 356 286
10 281 244
454 29 3
35 51 324
107 327 211
358 1 242
339 5 2
34 264 344
6 90 403
68 116 303
385 192 76
173 329 2
487 218 330
96 143 95
153 258 259
3 423 204
272 12 334
147 120 273
480 7 256
20 447 176
189 199 5
461 131 332
428 136 397
200 128 4
121 291 4
124 291 148
429 8 389
226 197 66
121 321 453
482 39 344
443 221 494
186 180 184
8 1 5
323 66 341
165 294 298
238 309 176
381 11 380
480 370 495
367 84 164
153 450 5
1 191 280
1 79 221
283 223 6
495 238 267
206 433 4
106 285 302
13 225 10
11 10 213
44 449 342
238 338 406
485 465 158
185 18 113
57 153 488
222 128 16
89 220 423
36 487 28
117 165 473
430 291 137
3 161 232
303 428 450
498 461 337
127 13 292
420 256 7
340 102 490
175 357 165
156 143 145
456 137 266
234 500 247
382 366 85
12 499 416
181 177 40
7 10 3
6 8 428
1 281 1
55 179 186
421 4 393
5 255 393
182 7 439
326 282 3
174 439 432
150 342 152
426 133 4
139 43 207
9 105 342
3 250 71
481 236 89
408 161 45
268 278 219
346 368 221
26 10 497
160 3 355
282 22 5
348 453 286
313 102 433
240 461 84
7 490 138
387 457 65
178 436 389
5 56 233
12 445 491
10 475 383
7 13 381
353 62 392
5 3 2
8 412 21
282 54 11
219 261 286
250 255 129
113 3 108
54 7 116
366 320 153
412 374 324
4 500 88
416 321 18
57 346 388
132 359 377
432 234 311
20 334 7
13 324 26
156 116 165
314 461 451
387 476 390
29 465 132
486 13 5
205 10 13
28 103 202
324 286 207
7 288 1
17 253 297
355 4 5
100 162 1
107 450 13
124 4 200
34 31 64
394 33 415
498 110 3
374 11 271
184 322 8
376 11 178
438 125 437
379 405 298
136 498 198
8 365 12
270 5 496
416 366 106
283 88 3
159 260 455
276 394 223
216 197 52
275 329 212
293 418 33
469 198 198
37 34 465
37 99 12
277 174 277
392 82 154
49 156 350
103 30 19
244 26 10
48 1 225
457 428 276
356 203 423
9 141 12
92 417 2
209 26 421
94 217 471
102 169 190
207 171 355
209 11 266
31 140 413
158 12 379
71 141 135
33 87 39
236 239 223
168 183 161
6 453 7
230 162 57
200 488 495
79 476 458
13 302 11
6 133 473
492 347 7
448 195 13
312 10 360
336 204 444
10 45 259
316 219 255
416 264 489
150 214 291
498 309 115
39 52 353
453 9 181
165 71 409
303 63 181
440 34 230
351 418 203
13 142 178
196 122 4
177 1 291
147 353 182
12 202 139
72 411 233
388 13 12
9 324 1
62 49 140
348 114 121
305 2 406
302 169 10
482 437 486
272 60 6
49 1 1
118 387 79
16 436 313
4 39 100
139 6 42
453 43 308
221 116 200
398 426 104
476 33 244
38 206 136
491 2 115
136 125 293
298 9 226
313 403 215
180 232 212
335 13 439
278 107 3
429 292 253
221 70 262
121 92 178
219 209 13
298 425 472
7 131 424
19 299 471
427 353 295
174 245 390
12 10 8
313 13 302
177 251 111
387 9 55
120 7 166
255 455 258
91 252 1
326 224 220
2 222 197
328 13 8
271 5 1
29 301 1
184 6 120
2 9 490
293 4 3
225 29 223
77 473 382
11 29 175
282 472 9
2 278 427
195 446 201
253 270 7
414 2 256
294 210 108
78 418 117
7 346 35
12 28 67
448 339 126
459 334 12
160 254 173
12 7 10
367 409 104
1 307 417
415 55 44
393 261 483
219 463 74
22 308 12
257 313 137
347 2 354
48 406 95
92 493 269
203 210 424
272 7 95
166 157 7
325 108 5
1 12 396
230 129 312
391 7 372
9 472 362
282 461 267
2 2 8
2 251 3
386 350 318
1 461 500
340 359 23
11 359 332
364 32 166
381 259 225
450 156 48
83 3 186
417 7 111
31 199 293
12 2 402
50 420 464
65 354 190
367 439 232
64 376 27
329 340 13
347 295 471
85 7 239
13 153 6
13 201 34
415 469 366
198 247 9
101 252 352
6 299 4
11 225 420
376 324 11
177 400 481
491 142 392
436 377 407
389 256 300
2 214 371
1 142 321
214 56 405
347 196 73
307 458 10
441 136 45
159 404 117
274 386 185
12 129 310
481 366 4
251 290 179
95 317 489
425 262 147
100 33 4
3 309 126
140 66 113
466 433 408
66 387 494
9 10 172
202 201 5
403 54 8
64 12 23
4 168 120
391 105 10
117 284 372
495 11 93
2 301 5
11 11 484
159 34 478
244 351 114
167 347 9
362 448 69
336 428 8
36 489 23
262 263 145
4 11 465
176 270 6
5 90 477
468 246 12
273 9 158
114 45 2
145 187 3
457 199 414
2 391 1
453 220 50
72 277 465
477 7 227
13 251 80
116 397 148
32 100 4
185 16 329
12 293 171
374 54 13
287 1 124
11 250 110
274 105 3
5 13 309
136 9 6
25 385 330
474 14 277
467 5 5
207 111 133
260 453 160
51 2 360
294 238 112
486 13 352
93 327 206
474 78 397
36 272 233
25 20 36
128 413 332
354 322 478
490 6 230
7 38 408
113 147 398
466 56 419
142 162 303
194 294 62
481 491 198
140 34 145
321 455 340
466 3 147
9 9 82
489 276 432
229 338 210
44 443 109
223 11 404
221 6 190
223 299 10
26 3 9
1 244 97
124 4 389
2 107 328
298 179 251
179 481 490
12 283 26
288 49 442
299 2 259
257 329 4
326 6 13
342 435 142
3 165 48
394 156 307
422 9 350
181 6 481
7 76 298
236 350 109
358 447 3
278 316 20
422 191 439
298 346 350
8 498 337
393 109 58
2 5 432
127 298 485
340 366 358
180 152 147
135 385 229
403 11 134
78 117 13
166 8 305
98 446 364
293 482 3
119 86 328
158 35 483
78 6 4
457 426 3
346 491 402
242 135 119
250 70 253
451 199 492
475 59 202
245 13 1
22 137 12
321 382 88
441 3 423
71 106 353
4 410 183
4 11 64
46 164 274
265 288 409
3 163 312
10 463 469
306 201 62
28 1 239
293 44 434
13 283 216
374 228 386
333 12 358
1 487 428
6 80 153
178 9 358
11 22 419
181 301 6
379 396 192
294 247 248
89 101 89
78 40 332
210 412 12
20 4 309
294 303 178
291 1 8
52 9 269
253 159 10
414 9 478
3 227 162
135 171 46
13 434 40
189 384 13
220 137 371
458 88 387
88 53 37
225 47 8
64 8 395
225 404 299
327 280 291
2 391 192
6 392 278
3 299 139
469 11 76
350 268 167
498 141 101
166 100 237
160 70 228
355 275 420
26 103 101
203 155 338
27 280 412
355 310 85
4 6 156
461 7 177
388 25 74
352 216 430
499 403 60
48 278 7
486 169 233
239 11 366
476 453 200
170 18 209
411 325 387
324 1 10
188 57 239
469 344 10
155 445 7
452 261 3
310 222 21
395 7 175
12 389 416
167 126 445
115 290 376
225 321 347
11 253 395
16 274 95
252 462 75
56 153 120
341 65 12
206 3 1
89 72 363
402 131 196
268 451 300
1 266 6
1 158 373
11 357 174
114 37 437
5 335 327
377 126 11
49 398 445
308 434 8
234 7 3
206 376 139
26 6 9
486 42 115
4 306 8
395 157 2
247 169 8
6 174 269
430 90 488
160 330 131
242 141 303
383 5 22
1 345 254
415 6 6
61 105 334
8 260 5
3 463 5
348 7 51
362 173 470
46 6 271
386 6 278
411 336 331
62 113 426
5 481 423
136 183 470
410 83 204
342 274 191
121 485 401
248 401 90
3 13 257
16 319 231
162 487 249
13 281 453
137 4 428
212 387 6
169 12 484
8 9 3
11 133 47
189 138 424
367 4 192
395 277 347
499 109 52
428 212 435
349 145 32
255 54 7
74 105 153
166 8 165
17 338 356
191 8 394
255 27 330
405 423 458
163 77 10
4 3 197
246 95 74
473 339 339
378 276 455
10 59 139
43 3 45
2 211 486
256 315 161
