5501
7
23
1650
66
90
341
66
346
333
1569
784
4
1978
71
260
90
274
276
1113
9
1048
4
90
70
283
1097
71
7
18
341
18
341
23
7
5
83
81
2188
284
17
70
2
268
25
1450
75
1096
1530
16
1316
260
66
23
6
81
86
6
1113
67
1027
268
5
79
67
7
30
268
341
260
4
71
341
268
18
333
283
349
284
1826
333
83
1
342
276
67
17
346
274
18
4
1113
333
276
1097
336
95
70
21
9
286
8
341
2
71
1048
347
17
2
1113
333
2
2434
347
1048
2095
1096
86
1097
276
276
479
1418
95
349
1096
70
268
341
1027
1745
1842
25
349
1043
284
2266
2440
1
333
1097
336
1096
1090
999
21
347
261
71
135
25
268
81
70
1096
342
23
67
260
260
8
286
17
1097
88
88
1968
283
260
286
16
7
9
17
1
17
1616
4
1043
276
86
276
261
20
18
23
70
4
336
947
261
17
18
79
1027
95
16
268
1027
341
276
884
88
81
1674
1387
1048
2218
1844
20
1998
1349
71
2
268
5
1368
346
20
20
79
260
1096
2
1848
70
283
8
268
438
66
7
30
1025
5
66
95
283
333
1113
16
17
1113
268
336
17
1048
261
349
81
71
81
1048
20
1032
70
8
70
284
2
86
88
1097
23
283
346
8
117
81
336
2
86
505
260
23
1594
2362
70
341
6
404
341
71
261
333
6
333
9
211
346
1066
8
4
95
336
283
71
1434
23
1113
676
334
86
1043
260
83
260
2300
274
16
1043
1538
333
235
1048
2
342
7
8
268
276
2227
342
276
21
18
20
20
1096
346
745
260
341
83
261
21
778
23
926
286
1097
276
6
8
1113
1
704
2
88
23
67
1
1043
260
1817
276
2242
18
90
1766
20
286
23
1027
30
70
9
1048
83
5
79
90
1032
1
36
6
71
1203
88
1349
346
81
88
261
67
79
25
83
1097
342
2
375
284
347
1857
86
7
283
342
286
17
1630
150
268
488
1991
1
95
88
66
1048
1113
1096
1027
341
1
261
260
1113
2048
21
1
1096
23
4
349
79
30
1254
1048
1803
81
261
4
79
5
342
1044
342
9
1303
18
70
1661
17
1113
261
95
70
274
2123
30
17
1113
284
2107
342
341
1802
1113
4
333
349
1097
633
1999
21
1027
336
342
341
283
346
346
17
283
349
1077
1027
1113
2
260
1113
67
6
4
261
743
261
66
9
268
283
1498
1043
30
268
283
341
25
66
65
149
66976
66756
17639
83154
329
17718
211462
203126
98087
16544
5327
22004
87470
71149
4492
16634
1385
4243
119614
70822
16669
21545
20863
144420
21804
32
401
18223
4
69887
22005
5188
83337
20601
66007
70891
7
197272
5440
5202
20915
88
1306
17696
69849
21551
18
70022
5202
5327
125972
5475
243659
66787
20601
17483
17716
66746
1426
5483
372
87464
33
179746
247638
70891
21610
207274
20
1117
88
4158
65697
1388
21750
70803
5429
21823
66745
4243
17715
4402
4243
23540
5516
144
85517
16443
321
86454
66754
16717
219536
17936
171617
4483
4409
67048
1355
1145
144
4554
120207
149
21562
66735
4488
4243
16692
71155
17444
1092
82312
5491
200142
16422
4310
16443
18
71134
32853
21990
4117
311
87178
5475
67001
188281
1428
5220
106001
5175
83419
349
80279
4475
16479
4187
98534
83121
86482
17443
4209
21630
156248
1096
95
70803
20976
17826
23
16830
286
144926
17765
67019
5145
65931
17715
4144
1
82387
87538
17915
17527
7
20520
1294
71066
66745
16753
71163
20841
164847
206872
1037
311
71
66976
73073
70909
16634
16865
25
5475
21630
17639
4165
87464
16865
4152
66746
86517
1135
4142
83404
87464
89855
103455
90
65735
67014
21750
321
225282
16781
5198
100857
4411
16890
85863
71134
64
67014
117323
66007
66735
83175
1291
25
17444
53083
260
97
16544
1043
464
1037
87236
18
82410
54122
5429
22004
16422
5485
290
16813
67116
83121
65728
14079
455
21666
343
30
21753
219
14286
5127
50420
16753
87245
450
311
70142
95
16496
4218
21
54970
66
186592
34064
1311
17696
21560
86196
5208
20578
5483
83175
276
4552
66754
98376
87197
54733
70891
93943
1098
66757
20915
5170
69887
1426
21608
290
16443
65790
5483
4118
20976
8
66726
1030
71101
219
102154
343
4463
86454
20643
71
20658
4492
115398
18311
16738
5386
87519
70074
17418
70018
17639
21993
83438
5593
290
5321
237406
16501
347
86517
5278
16781
17527
69849
372
5327
4402
5483
5159
70787
5198
1426
16673
1087
5159
66754
1055
30
346
25352
118164
1354
72
333
71076
133221
69887
79959
65728
5208
5142
1426
70055
16476
83121
204418
21
66803
16669
4145
70909
173958
28192
20976
1117
16716
12320
161762
4118
198125
20540
70127
183980
240753
342
4243
244966
164378
5492
23
1145
81
66007
4187
20643
8
1053
120753
16688
86435
83
20540
65735
16
290
1428
4187
5157
30
87197
83185
83404
66019
70018
5276
1426
16717
105478
117292
16634
5276
1048
5202
358
2
164889
17439
17778
33255
17888
1087
82373
86180
5128
21608
1311
129295
141346
4409
20643
1359
65705
118436
6
17443
186902
4218
217146
96891
21928
1494
5528
333
86454
65760
66726
341
1148
131708
21750
121952
16669
20658
173147
48804
92506
5492
21551
1037
1283
20708
152405
48478
86476
21817
66038
193747
67042
16692
4163
1311
204579
236351
16737
21883
5245
345
204030
20538
82102
1365
149
46874
4402
5245
17483
4165
157497
21803
5597
5463
16655
21732
1402
793123087
88100432
356541266
348539
21302515
4215234
5523288
1095835950
352602
4265961
16861777
347501
72422203
1621497792
89196786
63511478
22370152
1163202522
1062248
335551897
68223479
339807329
174334971
353459743
68160221
301438198
18090951
1212805258
68223929
1084173876
1418623795
285507299
4194756
71636005
282663
1163741529
336932424
84937314
286347072
1090526008
100707183
17110802
71321777
274034383
457409705
5329287
1772605440
272705905
1096119725
1078224075
1992457166
357565836
357584959
285235171
1432520147
357567283
72367628
18114488
357892585
72645001
88151315
4267851
1941055054
4482105
573043113
90195
774590805
285293252
17063813
22288779
289744479
17845244
352338468
22115934
68179832
16862383
21978
68439541
18101122
85011736
4535770
86366
22105921
18178880
84168343
84940901
67403596
352332901
72712133
4265961
1719667416
88168968
353382474
5249599
269559757
72630419
67121033
1090526625
357848136
5264539
89202658
1267351648
357906130
18108225
353664818
305252028
4280835
22349507
1732335967
16785059
262834
4216084
59220185
72680441
85227772
285215630
5525820
4475662
4526952
335890462
21315906
16798804
22022342
1146100106
20984785
21046138
88160577
1069100
161675348
1698939622
68223573
1146183474
84953958
21054051
285483422
286550752
71634359
1090790662
1199280553
804770910
88112255
269778794
353388726
17062652
68181086
268791667
352331113
72382849
336663139
4273454
336219
1582236307
1095060010
1055976373
286619946
5245758
564690558
1239973392
4548038
305873346
290799480
67195180
4263495
1356239989
356603295
33113897
341145206
1094798560
22041456
1505775261
22099896
21304346
71308537
89421964
84232363
4277621
357827034
4539640
1077938204
353458672
21319918
71658429
1084055813
1077622
875111268
352665221
852773757
72681351
1162156742
1318190
290483924
273748879
273760691
348923
84149330
1079057171
1145706182
4152
114616081
1389562203
2036649827
17851137
352416528
348528
274029336
16798671
89144137
1069345
1145051542
2040334652
21308397
1398333
329309
5577564
20991376
4547977
272917817
1603828286
327854
16800774
68189194
4263329
328143
1141971664
1078283384
21062245
17845586
4194934
4469122
269511109
285565316
68505326
269828489
67123265
89395047
289751396
336876251
1118919
5442
4525226
85285221
22093401
88427104
1049301
88365585
272699877
4526952
67197563
339822128
67014
290740779
1117656
1094715956
479022223
267451
352598175
89411257
20977136
269498850
4212232
4600
269511190
68080094
273749251
18173938
286273125
268781018
71228681
4527328
1145379268
86352
22043243
1070891
357834337
269822355
84148549
1285740957
272973531
1115128
274038638
71663403
250725342
68503348
85278764
85010467
286535212
651091862
22374158
1146440555
273945616
1071052
88152962
16872102
273970505
1409
84957314
290460462
353392768
1313942
21243487
85269644
357566454
84232172
20988646
817007491
1378072
88418475
85220501
4459278
1723286483
1119116
1078011181
353440123
5249353
1405
72420951
22040435
1141185223
18176446
85263956
1050142
5263342
22289435
17904386
291865
1359
1145325714
1323126
289408277
1845315701
1055184
1138041
88427146
85285447
335873772
1386073149
289436058
85200651
5243267
353637082
273776115
335544554
1021304923
18092171
5530095
5265212
71329828
332965
754766720
72778
72429456
67454817
274011378
1016911947
16849491
16634
286279482
278814
17835611
17847590
352598982
4460170
88345194
285237220
1692865160
85277116
1140873807
67387844
272696660
285220468
318207079
1328530
85389412
71586348
352346994
1091903371
68443275
1395220085
4197770
22023902
357906395
286589484
71566070
67125567
356854948
16781106
273772864
1369064126
22039757
1130693383
286267907
76294419
72359414
84167183
71397254
1333456
339751908
4278197
5248106
68427512
1240586467
1339753
89213613
286595851
20977892
272917445
4218503
1078270287
345034
333020
5525820
356545955
72366285
339768169
878770995
1457931757
88364554
290482450
2124656935
85204518
68175447
11258188
1275982230
71383657
84940937
356598095
357917564
336606442
22037
356870845
273694509
353399186
17832143
1183995523
1053663
335887095
286354933
5188
303034360
88349850
269549811
1074077716
21236004
109819365
17062665
336934702
356870359
17048976
1048742
272907564
1130601
1413946486
4194931
269762116
91208
24897
67196780
273706546
45855573
21306548
88101103
425552398
269571474
269774665
4882
2013113889
1145330358
72699272
71572925
1049556
268451673
22108385
1339584634
272988331
31107260
269496165
18095535
357919531
16868903
340030984
4539469
1700916415
17847323
268508804
21251468
89147869
1993657747
22299
1078289559
67019
336609944
18101011
285553887
1158958969
350104
1140874534
272987195
290539357
22364244
290537562
74378026797
86423681295
5369183407
74357908422
1359241097
22292393
344738384593
276799994460
276039863058
17197007878
18337753752
361131053409
4316991664
91339424418
292397667773
21558822952
297606556140
335625609
1409378744
285236906
279245636759
1095016519
86173484287
4380205017
86833444305
1343626046
274967445988
18325156576
73299677987
73284103195
366275115826
91255514653
70149754379
348166225229
17410977216
18543100751
91625809565
18158999
360862435959
347910690518
74574718821
341063589
87310093922
292330553334
4903634900
69005902122
269553855
280685811516
68807564128
74373773765
4195311
73300906554
22833837489
275164228641
344755144762
73367018357
86995364561
70082905720
4313101578
352333195
73014702271
365090297374
4585509302
5524241
280267885042
273879570
274966186076
18522566388
293555391005
5641421606
361066908669
360977675734
22884495317
285410248
1145455091
296354268997
5642389689
22548965807
73032580309
296814424845
73354682982
1360016326
91558659219
276238048708
296639490090
73283360632
274949416500
292410578882
1409435925
1140920809
73303870962
73098478883
297695058818
18321160581
85983651627
18337811721
357657497
298116757152
21760299219
4378995656
293215538108
348232534910
292130552341
22569640378
1163073566
21760149983
73372096270
90551042652
70066296307
6225100737
275973880422
68723921307
22633885081
281150332967
5435921821
90479643688
5709720304
275147604138
73103813728
21564134699
73083122067
22885681647
357911052
17465463523
74374654285
279731495180
73284150333
293666978862
72437664
1364470888
21543108430
69059653658
896195827
2070556971
1360139561
1426449714
17268016376
90216647755
22238171735
73018991419
84248726
292057977511
276309265550
5457978133
68724156744
1158946920
5457137138
22620272778
86252020621
276287569193
276040140462
279174302441
365431879267
361133939353
274946309705
349054593317
88297647
292327562822
1431637083
72816116
1364473692
275957398245
5726332060
21744573180
293131741468
68792067882
91537010080
276288696779
91554767704
17288117564
17184273930
296374115881
69010114878
4363166313
366593546935
69814468535
527950096
69644212501
292142087059
91604784375
90211132390
73354253239
90484977642
4384242197
69877242003
69006149950
280280133101
22833959907
17247276552
90423983272
5578391
17448583096
347959645294
290881111
69005190208
87062412660
275235516813
362123807869
18259258253
362237438314
87057413180
17197003023
22553944087
21559018391
5637233466
85904043879
366042761637
4564802082
5312633
21559092419
22888381169
5385574062
348966330468
292689154652
276018889338
275164372747
279241085216
18258105715
361919646647
275371223412
17251419197
87330872463
86991052897
4379224764
336614295
290561334
356790703
68902715814
74434303489
17181310412
360845840087
4567861925
18543121440
90485283443
5192657035
280334895718
279509861498
18544363745
279174340562
4366490974
279324689663
1078206666
367167909599
70150984630
70145794636
71400431
286531960
69810059446
297699156188
1079343650
23119306678
279508662390
1073826700
5454023524
356632270
292079133764
21480316349
18606251437
18543318688
365901453642
87258509531
4647664381
22312911
297543792096
361117502644
292063442069
293417141086
347981891828
74177557617
272752586
68736694061
343882807358
344945260747
91624954780
296622532132
297766710176
4652572260
85903681489
21747515987
17387646556
349235760503
365161798560
74291697330
1075068299
1399650
298071436492
348232594286
275214628147
366414913324
296706276639
1394574
21480442860
279240118078
73304652124
1158952101
365093424027
74425018407
71324195
293489287246
292901909658
4647696657
281173129598
17537713769
5638576278
1095000381
89413
4384389385
19188140460
22119666
191281467
297498266229
1162949865
68791972448
296638067258
279194062370
366167445129
1095103636
328891
5572950619
275694
68719909826
85983527152
1413506851
69060281783
343888065266
74173163605
69785328221
1313202
69814695138
17417227482
357616213
17469799956
90463812639
1145090603
4363332450
348500415920
5755017401
343870204103
18338995878
4651875997
297762192428
343937280078
361066884842
74089689239
18526764433
361855356034
69860327874
5641657579
292129242635
4296375286
1158795676
340075229
86731549775
18254693987
17263820074
85204292
90212480723
345356821771
4580531140
91625767801
21748613803
5386805026
4635854831
296375084768
343666016778
18611293192
84158861
4363613855
70066898464
22620337133
298358850718
5457877439
68787834432
22885478339
297696198246
298375827876
18523475673
5641465948
17469388254
280956850663
70082647115
416777601
1145263161
5725354819
274878367105
5374216913
296354207819
4312920124
348984431152
5457923759
347909390055
365076852589
22888509797
17515818461
293468258016
279529541930
73305186608
1094742383
348165414659
275969935600
292414776941
70133436636
69865765268
69861460513
87045798625
4635775689
70061872667
19045290907
292327751229
343887007493
18270701636
86240472389
4581310895
293805646727
280516261653
87756211496
5659278284
296353205425
365820912774
5258525684
1074202488
365161520919
73099554494
343614370667
91335643201
18275842779
349234760848
1090546467
365139823488
69059544191
90535542567
1074094402
5489187270
275952020866
1096226040
73368104992
344940780075
17537484095
19302508502
90194625325
90550995439
280246748504
4564789309
353472026
74093595051
87331014149
5385821568
70407741778
91554374577
86172310892
1343291418
4366534811
273799370
1095050792
296642567004
21715907139
17452861538
279463376306
17184585992
276236350002
297427843439
21492001776
1079450975
4379331971
297783489056
18341701242
275951686606
21747592978
1342523450
297430727944
296437786481
5054130452
85917679234
361596216129
68723751095
279673538450
347980953702
21765544309
362701943133
4664679595
296357146077
91269590443
17536671616
91048110678
275973803925
71654495
292326579222
296688771790
73098825439
4299260663
344391842228
17519676659
343866332137
1141132604
68988150155
4294978911
361117440278
296357257434
90530360281
1146102451
74620771192
1158682983
5498637690008
4485355951552
1099512319303
1104846493528
4690188579779
4416641519217
279458388364
1169306082154
17885669674456
1447678651156
365079674413
1186840313859
5585236486455
4567711452
1378685606993
4672924564100
18339414494
4747098039846
5497642715525
365072892988
5795259047171
274879873044
366236095221
74374469234
85920559622
344757378425
366166166359
1448748697313
4367932490
1461435702247
4312797243
4742789503439
1173622436591
269961202
361870928839
1078045972
22568836020
4420668293554
17522868035
1173621747525
4759113958196
341063539
18345095603
1378734608354
1346712787
22819626752
18183687
1173874500471
293473651141
91268309539
5515850451688
1169659235811
4402698170076
1397028244003
1100673903125
86168181872
5566754220629
4674400193204
5794132341097
4759915836791
4467925085598
1380098091624
22553079479
86720413014
5845583384345
4399122324089
5863973217623
4489589102349
348976279153
5794587050634
1169326617143
1190849101952
4403477682152
5497559931016
4743413864335
4299757930
1444201422060
4745961464921
361045835073
1379782779339
296709723506
4362361664
279262108232
70135340116
4421433806396
1392644667825
290668870
19053328844617
4484215097096
4488258649980
1159004982
1080383305
1172615841062
1461384165309
4467679302509
5520376981658
362208792427
4649145860
1190042574651
4484017694133
276288384593
1185698191173
74441884348
68988025873
4484803646988
5774509941533
365346145928
5864381162076
69074588460
4764261507063
280253245489
4485375008670
4765198056307
69291715512
285348775
5502122086852
1348578463
19187848137
365358725617
1374966396295
4420935421119
4763408765808
5842520388221
85984144746
18325355118
5845788076420
296638102653
1105170712201
4760233836968
17868182226668
1099854874495
88445119
280587766793
1168316064197
5571744079949
91286797855
1396939982271
4690374244429
17248421660
74106024881
5793999970300
1078261130
73035928697
5588088677690
17453590588
1444452133217
366165909040
70150193197
1189711151620
1379827662630
1378969812862
1122061865805
1465679415025
18341809126
1189724545721
1191134581833
1186753441668
1448013711287
22834113217
1444272352218
1375480108337
4764214281798
17537494542
87243129945
1169579062253
73762799603
5567637250942
279529484208
276310558221
4694752147690
344961196980
1465674817181
68792010937
5587853653804
70078896513
356668799
5571619841302
69882611250
1190868503213
22621805498
343934723595
280264636735
73083734993
4869687454
5777089506458
73304177370
1448562290357
18322363635
1105222624052
91352439415
70133159217
4399193147483
18766181961891
1444536279409
86191912946
70132226042
68740519979
22357375120954
5709794810
5841228865131
1189773401261
85905489086
1461721090816
1378751984163
4694669621154
85974144146
74854967732
5777827550079
4300542040
23434784098902
17662250172336
4759806815417
91540923862
343620149889
5571916757290
4488242721299
5777005729211
1100943214693
4764194160568
1189774006944
18778191766886
1392715434324
1117849168740
1104902201416
1189997160315
1157671937
4471061789066
5589183380725
21811611902
1409608161
5859410099509
5789973191740
4747085509085
1380117313031
17954891055980
18337878492
365073554026
1100937973878
5860095778632
18522361857
19037082215204
1172657313699
18308972
270364371
91352078110
1100653084271
4399121807590
5790981135619
85916307914
1122082907234
347976740651
5845455420165
1362380205
5520714615914
274900567529
18595753955
293470208841
69863479313
366955309595
4571087423
5497626205622
22839910776
73305522485
352540858
22905187939
1461384234817
366487734976
4489003499427
348967241618
4472830621506
5790762675224
5567423361201
5519390481456
1465085836137
1379775557899
1443116765024
1118722296634
17872344554546
4759793028145
297783282941
22570662789
274883369954
361851151070
4416641719145
345006835133
5497642749228
4472449144013
1410142543
1104971753209
4673821918478
4695827159178
4384493211
4741733850133
5795322150592
1392979461932
22616864684
5777893849447
297515199803
365144026978
4466784633592
1103828138867
1500813537
5390146513
1466426
1461698449931
344499802544
5501942015872
73399852296
6276345342
17868090660733
362142177866
1375752882475
91352572748
1185430045782
1448561835215
361919626254
365091175535
71315185
18779196275416
74112380160
1444523759984
292332436407
279513967025
1121255240033
1117855852154
21760217871
4419807374512
4402631769316
87057312851
4419607068725
73087242405
5862988626628
5862720192142
348234501681
365076572540
4760187479904
4484287129460
1443451265194
361134238853
4741716868444
297431001366
4489386358671
5583479305977
1169323667680
280330641329
280248067968
21767622679
1346466108
73355283517
1189994519566
5845456425239
91336354302
4467862461447
1444266973065
280269327557
21497657095
280250993524
1121823682794
5723199092
4678562159435
73102781312
361069147797
1447690178620
85968408901
1168304341318
5375430468
1092109516
1169662947222
280335899956
73035821746
5791027244590
1190784071975
69797744989
1099780434318
280264859371
1189773821588
1169377929224
1189728730949
276220189048
69012382165
5862716052303
1374677050016
296423115041
1121325567867
275968807537
349305993528
17468494810
70066474382
1444744247074
1375749049779
1443111561445
4398065208255
5567638581499
4489762864084
17248374331
1169308049827
1375480446625
1443193231336
1392659959717
5572003744848
87247825200
279241230142
1079078456
70062242571
4471062526123
22548965382
5584885517197
269601687
365415476294
339836710
4467123008903
5515896446004
5515812597036
1170093369364
21547000421
293416958306
4691263839256
4746672102029
1173957144044
4489668825973
21482356945
91553496144
5842246759576
88419629
1186554120167
1189773554327
1104903394646
21542540531
1169248119755
69877440180
4398386467079
349322791460
1409298976
1461365975441
1448746858029
4484287148159
5638525350
1464651796236
1443980878171
1191054176292
366485888677
1379912022058
4764528662342
4673281789628
1104948035977
292063217806
5795225143815
1430325536
1443378247766
4379015380
1426694527
5441099945
293137542105
18692320859776
4764211133910
18271911151
90480655158
1186837995229
4746280534679
360848817796
286031035
4747298715734
5519117517543
4694767324057
296638422936
366214045076
1116903908424
1374731839458
292417439935
1099868418404
18971670840622
4472471884549
87330495160
1100873782638
343599180669
4674015509453
366361493810
1378769636440
22081285450144
4673903298533
4399837348681
1415664050
22352507320715
4484220320194
22549661507
1099784828292
4695308387651
366420316784
18782910115689
1465675175059
1122333818180
5498922304454
292132265250
366215280508
5858424478228
1460575967962
5773851522608
1121260850309
296440979855
4673265816071
1380115480002
21760370237
1378774096048
22570727500
280519421170
4746210404414
74092607789
285476034
276021909183
4402772566022
69077934483
5588827992487
343870036705
1392933379087
343955698785
4415246757355
1374680065735
1444188039044
22550855733
280314415382
293472983700
4416591192382
1397006741486
1186555079560
22616501870
1448563231477
1189730209311
5845451183120
347909432015
274946769001
4402698598002
1396938157804
86195706825
5456908271
268544235
4488593672941
5572328
21814638985
343954955532
17470702156
1361056985
1461447359089
274046888
1172817223599
5520192502640
1121275927775
69815264697
5519117712617
5842252202136
1104953420516
365078470220
349304806243
1461265805791
23455639441928
274899200959
1169377896047
4741981131632
17057811
5373045622
4695474448068
74160791740
4471330973442
5583793612702
1168317085313
1448814365702
335614178
293152546154
348179062535
22623471058
17466368861
4691055907402
1104348918977
4473199190619
1100406695670
1140911762
5773668860943
5795801101722
1157777804
1444473774027
5643766132
349056571474
1392936198604
5583479202777
17830398
73285048962
1460363816266
357930920
4472203672960
5842913519331
91542624241
1185752731386
1443114519762
1096100105
17941723709460
5497912556933
1375799727047
22334466114851
1447428619897
1460373297509
87330729831
22630416
1464920228598
276035932108
5583607807927
361046910007
4420935041104
1378975884666
1100587014184
73368005302
360796019978
5469180572
292143409266
361855307339
1448485981238
344945027444
17184439236
1464937730865
91243866
361853045308
18611211908
4759915104873
340877981
1444270007308
5791250931934
1173891313198
69055213180
18337807027
74425842325
297428622488
4416079034218
18967003591514
5520125571548
1100606954322
1121075789449
1118034351038
293221120536
86239987118
5776752754167
4489650720708
1465681144560
73082157192
279463726611
296641480746
17597346706757
85972057030
285692456
1444249985284
279176122884
361851441454
5502944301783
5584872688612
4741661497200
1375750106896
5516152522753
365132573389
292330605342
22484334
4471402317850
74362335635
1392664786680
18714414306307
4399390549734
5659541052
297695704072
73288246457
365157612855
1186831086331
19041230105224
21745113932
274949720810
4695831432611
4763140243834
17517839346
1168506304349
5774044125979
4416591133099
1392646805989
4415496463558
4759987209266
1447677492320
73281522256
85967041265
4363729544
74155573682
276024139563
5641472340
275170472239
296690249482
1105154807608
360781885464
17537525213
343888004424
1447409869118
1117854449740
74441147523
1173958844263
1185747218572
296694878888
5584987773078
73022137930
4403599757093
4526956
21563516861
5589179186325
1099578737064
1391862147622
279459341709
5859248325714
5859427722194
5777088471249
4488312304481
1448479770629
21492971819
22617179916
347896712659
1186776704877
16843799
4488313003147
4672996181286
21559841776
22633811677
1460294928304
17936460656224
1103896479796
68792391330
4695830046871
1460310798098
21748059816
297780995100
1117767268182
344960790319
5497580811893
90468571472
275168772392
5791633435756
86997399907
85921702438
5570598640369
5842582617303
1099655299196
85972325383
292412511801
4302636982
5497559108367
4419608120211
280539223510
279513001965
4485088286927
1306280002
90481011805
86258024693
21365488
70650657929
1190061605470
285230068
1378955262347
1118039812425
274878043328
1378953323031
365432265089
22886239846
4634765559
5846882807143
68719968275
18589452678
5790691365545
349055957415
4459008
1364805615
5846794692152
22081685229749
296639226838
1465995052034
1074794391
1392934228688
18778855476081
1365312611
1172986397443
275163267576
1448566705534
17684091229829
5705363270
22081290934198
1122133165926
297712968199
1415135443
1122335339276
21560391768
1118122460463
1378955019822
1396133005833
1099513845303
89213443
5509639
1100858500673
91541839894
1465926707432
1104149535251
360846533035
1173672699390
1397293837937
5846861507730
5794936196026
5859322946640
22552109977
4678646102985
4420600965401
86352
366573999634
1173669341140
17867557014513
4489404147632
4472220161785
4747155796710
73035612713
86994896924
1103813408028
69078426106
21990254654817
69072035080
1169307415094
5793999622880
280604204760
4399411106416
22553825104
21833213969
279525681263
23180670511893
280248118036
90548201820
91336582348
4488532249506
91275672103
366436304824
1447426389957
4466854671596
17265126478
5864170923361
18709098700210
1189992206825
297785194105
86991003124
68806798050
1448500636204
1397027994265
19039736512766
1461652074621
1392983743604
1185482543824
352339710
87245750519
21479890596
1396955535111
5374288397
361935336055
361118988519
23452340903636
5497562964540
4741913227499
4760557016574
5571937577246
292080030412
1173688627828
1122128063225
349054342884
18544444268
4315154001
279458137413
1464811259799
4419523309594
23452249496408
5789953202317
4468205728155
5858688384756
5846811457905
5707722467
4471414882515
4399120798230
5859426954310
1169660720716
5503012628447
297696445253
5502557673187
73351213385
275235327569
68808622479
1117772988727
91627023337
366214600336
5498699519564
70147052969
4485356735662
365090723500
347976735848
22060835564786
1375484398939
361935335798
85987482984
1168237323324
4468109798877
86975455985
274946470872
1186033807507
4471414054904
5520468423570
1460361003264
365408421661
69861462318
366218740837
5498984922225
22339195502918
1392919129014
5858497351832
276309203495
73366778918
5587771124338
4468108723583
345023878806
5516109408855
4760184394826
5778162951498
1375534629059
91287272286
22339383789984
5502933070153
276224973107
1448763366172
69011096356
18606239798
1173889973697
1099595643268
1121273074039
86172340623
4694673104056
365361953984
1186826700614
279262902125
22554269616
1105038042364
68786859932
18972648886310
23438444469575
87326871816
280602367435
1378753060318
74469897633
268451138
275169316178
1100941295262
5778236267239
4580406363
17516651468
4471414239783
4741660909485
4694416868462
18607024777
5455042538
1121262646806
357867072
4362445562
5567370178433
1169394963698
296427242208
275955950072
1395883755097
366414427782
1395865126337
297134051217
4398068924996
17666909909231
86172212383
279458246205
1173670539629
5502530663755
297445720257
69814263552
355737326
5789968889973
4467861918039
349307308960
87041643795
1190043487357
366212771034
4582062681
21497165120
286599850
5572091712352
70150961454
337003141
1378955190538
4402695802106
1375481456284
21761139366
5515674907098
4584431012
1173672394980
1186824740575
5519370571650
93755197290463
4489405709741
75936182970966
279525558275
300463391207911
299359312515953
369729124147817
349257554330
286149786325643
375277408729564
23090840482372
70443201029940
281497556883485
351913791254037
93462807970945
369522978548352
1130578489064289
17609658780545
22007779062065
282919508725111
87264599416
1219364243928448
22058958328572
374934568344357
303466304362418
89421447237891
1144867916018861
71813012639270
1197441250839189
74772518516891
1415583172
88253009550981
286233874500687
374177838345247
356248118701950
22287753204210
1189975113162
4420184783113
69018574672
299085588870458
89083075440031
1130315432326632
92725423704178
285891372965513
287058524322552
22339284458710
71816181231743
304583183690146
68808122173
281549417397792
356585393315503
285960440814366
18761564759457
1131677785720715
1126265334161438
23159827091912
92634198106506
71744856222364
353291193285005
1482433925943583
374182209130386
18983772978938
88327096520380
18714540895481
273709477
23094307934608
304652062770897
303827356538739
286166159675772
281493318720034
300460162437086
1144952388411570
282597065047138
353308327658947
1395956039944
1444272894798
353033503020131
1443452993547
87962739244789
356608010468508
287041351973592
5863707837167
287252869905386
22081522443169
1130660257660998
23433434548869
300458813516638
89133460070929
4691449445532
1197443156360132
75111556445619
89065020108106
353033506405654
357359630859821
74836926838588
1375733878851
370815938160650
1127090089613963
299068335294831
1214977945563480
70374509635645
18691789014002
281819947951266
88258092570987
369505325598543
74785341089204
1460646943610
23112584266393
281836898702709
18527436681
352140169030209
17872887247378
1444536142511
352943594524987
71816163104381
5519324205021
369457411936375
1202115782874410
370897356955477
89146634599112
299141587294348
89409763918285
1197716126015276
351849113791130
5845720636998
1219428548981657
287063020566502
4379382086
356241783102641
75870953222335
70438543779609
282666405776149
1196291273962659
5520199424805
282664984420630
4677576070189
22282294051202
23176992727788
22287677375313
303465308488911
87961921167841
356329091244094
22077282102059
75063482898924
76215292487742
375020997323008
1130371170450612
1197643378290777
303744479437993
365089676538
74857271031233
17592254860200
22283456193633
92720034529527
5789635477301
18777615296571
21990236070046
17665268290253
4471137788669
18611465816
286977181266935
282579946365028
71486509878054
352122973612195
89408345210381
1483311919043371
1100605500385
88029940285492
1121057096306
375020450882331
304655201417292
281836032336950
18966845593001
92725213445978
17871384641919
93819285203298
88305621870735
300458814044441
357622071888337
370828826075946
23387256664412
74767406079184
88030814143813
70648582012573
1172610035185
356315953012843
287333324364372
1144884794358386
92656743519639
1143497544559504
357639175150875
87966640964506
93738005093980
89146699629633
89405384164371
91275737480
370622680660592
4747311587447
93527308247742
76214211252516
93531589753125
19039877392635
17519836060
18697136292834
1214209415483822
22834381931
92360123314757
1447674368391
71489999729037
303813398123471
21496038241
18714544698622
74772505326293
17884269734771
88240171724886
92707154793417
76210980276254
92638154180459
4691531470833
1870839057
1397273976696
92428774037797
88241532031617
88308829153876
22270499488636
370541124779386
70649665824154
303827071658682
70458940939686
285894769277948
75956839126741
1213935281288036
17935802931978
375230159720858
92449177172798
281823970569061
281768658098822
17682409199961
1117789662891
4488258709600
300252669094608
23439067674153
370621322171196
17868005149935
1143493526527234
70734909232940
75884651530464
1173955709236
22012799204597
357621200379725
1425312183774043
70734902321285
299068258979827
74858330766552
22283439003646
1130646571918979
369521816573108
93734673119662
369728262718206
93458513446167
357638802521503
23433635863598
299347415075775
89422312066754
1482507726123261
89150719236777
93804182208522
92639248016085
17888618962601
1496715954706749
1148991414902898
19039878167650
1172867579529
373834238269286
22060115076492
93533552681827
4471335529535
92450544913932
1443197963748
89426619514236
23163920039726
93463396212843
282579147012294
1120993158095
374956030497511
303758368575628
4746006689269
71541360602511
89065009261361
357411169811038
4694399907586
1196358932877950
373908116639091
281773261907939
374108844940025
23091117412621
357702413602593
1126244853829333
1413166168592131
89421472596043
286989722607697
352966139829497
351849440579191
1374756453941
18777684347669
74768292180176
304582248626027
88308901095065
352960506916291
5862718488735
4399461213885
18710227046688
4763136042229
353223840509341
22335246459722
22266272881824
17957539486031
1378690441346
18266279454
373924169762135
23177075992672
93548711591657
22060375988208
23455103545941
75060002608245
88253262116539
23180288665569
5497900568597
93476023711026
5515891711846
17957610628715
74788452215366
1147907389757554
351848871735250
370810639880617
285877350527655
297448776868
86991989881
352192963063704
357342381379903
1168517347179
70645035980715
276310231646
352209147937554
369796778327285
70460015251980
281755312813323
89339635268869
89357968993616
23387930553066
357639001203270
88304882056236
1127087430894185
5858690403782
22269695411247
76227420332732
93548704727221
352193028938998
22553851044
70730599567082
356535180853993
304638081868319
1127293229055268
353235575707474
357684891297430
89066350259323
281544842304931
1430469670064392
1100658982044
4488267260126
1144883932918061
71744226839636
92725462867570
282851201685010
352191643906615
89065884820827
1213934020874075
1496710272313684
93475759153592
286976927423295
23451950517850
23437967810960
75064229423721
286976907750525
300188160662619
75884586254122
299067530539194
17937146211817
4678314736422
18989395952775
280264905663
22009099665874
91340484871
1465659903200
356259248876491
1197713644769194
5649905382
1200689521306327
4399188648486
23158471773864
21991597174599
303470605709156
5497562855981
1379044489318
1202042099340506
1218344786025266
4763467015197
282664763914628
17884341593889
92652377951667
352124249179437
352137194357982
22283717957110
375298897211432
93550106699190
282854763428572
18966649923785
4746279242702
1196616819930231
374200440569255
75870867691350
4466770366270
282575909409361
274968138474
76162737603087
23370000981356
369509198752030
1143841079241315
1407671525136757
22282379204339
17679165656839
1408768171054076
293137209633
1130663032139195
370605293094104
75956771455178
18777875764184
299157428845819
23437721107941
299347425404961
4489651144314
1495353988383929
22081776157692
92725477639817
23451869689632
1412069562204235
71485776810601
18778672215586
71468546844159
282661532858396
18765806961572
22013066597640
23107017955630
71474210609300
1103892691568
287046650976499
75043039870730
374200437520536
1190801583258
303539308946015
1149270764960849
23387460515554
1219723881206999
352208873621348
1127017548720406
22077289553885
22059156271154
4746216883218
70666220764019
1214141665802018
373851479839664
370833186523931
71558812863949
17593537524096
75114753302809
1117053991703
5588918133769
1196341670411169
23370344461528
22064612752276
1099799114450
303831705748192
23450526896093
1411795005441299
4746229112325
23451936205970
18779742258916
281750945416014
89061518103726
369506622912529
351860916286841
299154156745938
88304539469698
17662250730413
369800998502057
285942015868834
88326652428363
1191122630964
5571735143795
1219364425098664
23643916631016492
1495629370832355
91555306911244740
72414952686646630
18366246899714757
4509097515885940
76847066887352358
370539795250174
22519446864950640
5647109384610933
1149265635898945
5704340733789558
1478847498980115
75043101361313
88046857052372
96001729177882157
352944658906995
22887799287844836
281549360624644
5648195693196475
5912092775169359
23925378438011833
17884579402750
5912164489979879
18106847781503220
18084767336538727
92656806196829
5915464185560177
5635272130370534
90072083396418851
23665892901633265
19439709564756672
4877506929686848
4525881978317395
91220180529873491
76917780298785603
5647439921728343
72340187698256584
90423858174863101
1127086750958671
1127280000002230
1426141089865213
91290596121568940
73554394898658675
90424954534945578
281751135604595
374130615806536
304909862508667
91269726194951975
90164442127875395
299430042634551
5915376953322855
5700164750209142
18692781462319
72361356113364385
4873333445555365
374955009894757
91480743616553934
95776557246148035
77776447386826795
72340517689553075
5982723372829449
22804976498505455
287269357969202
76141254894938
373835393534836
88309928897311
1501113821094623
4856817868265920
72146999338476453
5566768688796
72356679653420940
5704284327514428
19234049018766586
90354932316542573
1197716084174380
19141419933980738
353305508924816
22594160904914153
23181098692689
74785541427524
23643899448771730
5635014652388469
75127907024450
91202656175273110
72362452075671453
5641387857
73536716851627396
375019673890462
18015516605985590
18313470480508081
22817414393375837
88309968339433
1411843133799896
76649245257378805
18372105327178224
24001518539110118
5721949120352181
76848510251171297
4591857218091924
280737734965
1407672799178380
23719030308326251
1130595386513793
1201787840497846
19146090137901088
6000035075067768
23662934809907047
22870185766155017
18300362944394888
5985810454974263
78044508050579723
72427098921620138
22356480522277
23943240419608113
1196566354638506
17958490197102
23737361264230163
4878603278745362
91571744009196744
18389418326848713
24001519880081883
73488407026059708
22541110477769987
18366260870297724
18367703641948040
18033176455710475
22265387780086
1426135613001375
18086233327612645
18018818415187727
1219431758412754
87962223521448
76864676618189263
1125918582354801
76930721101292238
4803767466977716
18383857159816405
4873314937820497
352964788613880
18319255801279015
4508363073010791
18089526849135646
18107878565194027
1482439437047291
76847428776248890
19510856726072411
23662659571215013
285894570579233
18301714721203891
22519458662878763
19212041700872813
72080774179030092
91572912588473360
4578728325123831
1496714862868215
23737375178550719
19515525385356324
4503896314632746
1214977845335755
90076757149696679
19497920024624365
375214011307121
18388233773574182
18089510291137442
76917784630462883
5912422318607331
73488407805902167
89146363775399
91269653248016087
94667969818798242
94879332737213731
4802753186420518
19215409114718899
89336684845541
18367364480948982
23645342628512234
23158828593091
77776176487147661
5933056419569565
1144884792783841
1482438342521118
22888895865390268
18318138627766500
5633970809733945
22887524630289236
94875008531468271
282644305393387
72410902779644703
23996928358857064
4503687263749754
5987117250590005
18037767532962522
1131466326307789
91479729508919935
18089530957057533
23649761070768830
90359035613242545
1411794493786340
370901727038668
304634878520760
6004507159781937
279526573501
22606255548764777
95983332572919243
1425260243204592
5651512722157707
5717741095912170
1425332508921035
1116710732435
18019076840670698
1496526864190544
19421860470250420
22892182071241697
353029204265565
74858429237053
22523517355548038
353309747203883
4758846745223
73482630295049214
76561542596898534
4597127027290909
5723031270634633
90076736008402202
19140298541783572
18014743401749940
299346460693713
1127296934115784
5934069729858619
5912349996559485
72129079681763911
5629521089807227
22871028444866671
4503605485147532
5567641424337
19215414564621540
94857071606024301
70712728499054
19421791657935050
5630943850686977
94880174885529064
92719889463303
4592661722973881
90372456075343677
94581433831266543
18318964338177240
93735317995755
19216509402960533
22799564494881851
71558735373229
77775334125519138
72361352572767651
73201091690499960
18102377732950014
95988758430603570
5700972470034134
4856544067575895
5915395602183371
4878602087779622
5629572758162265
72061993350679754
18106759088633748
22607403579285609
356310813807343
18317881290035821
5987134440118124
1499824479249169
375230964508865
5998953284653343
23943331810354261
22818441094539396
96076444031967976
1501195696543729
23719855802831960
77692887929583132
19515576878942782
73541114654264868
73205574602265872
95707076556816580
5916820068746953
91483766462793885
18318230126833956
5701333192629433
4878876802511035
1215236662259682
4508088943935259
76584352554137129
369440472793391
5519368927550
73184887095320703
19427619955856908
5934137767714876
4527038484999570
19229706912536219
23714628771044871
5629861546598861
90357938730833153
76631837816342464
76567035871152752
4591835563603789
95795244288916034
1429663129262465
1148165505154163
19444061706271426
303741185688298
286220921326226
4856616206445382
76914486082551426
23719012816189794
4861238666690044
21990367014067
74857271069407
19497644291893327
23434752295932
23667056675800073
76918552639488976
76561211378884646
77704961169283927
17662053036686
23930943761684933
22518360833848937
70460302674742
356315064701983
18318229987357715
77974083713442690
93546522716061
19515319341957964
18089239401351715
286216960675491
22892949104073830
90446171338480970
92724536774679
92720057788476
1482163432512150
1127003865298520
1483603396567181
19421791894180069
4525594482710349
5933034619613133
72151071194685700
73558707855525619
18020240053782882
22888620576473668
23948554561145759
76844061492337715
78056827418232917
18107931204762421
71472858564802
5986089197417265
4802758548004808
1407444773158576
91290543652743974
1495427159472737
5647372351345511
1496458613856450
5999227915670660
72339070322490519
4591582149935183
18032012349231445
1149081234290363
23943309944275804
345024176868
18297270728743008
370558328145346
18015843093994061
1144889519657643
1144884956210050
76566764716881374
4786197489526983
5634245668856574
22589540796584940
76211261594983
1147890161327215
94927437877024257
73469437022953935
285947532441695
72356730164359997
19514133887722180
72343764664634753
286995558363125
18032351633772791
375279203168927
18085936877713370
375281478913442
1131759713816715
22817069700110963
361126859351
1201784821574825
72079859395934181
76844117266911720
1375744347045
70370154934645
72432527678584272
18318986082944267
5630947052626595
5928914734120959
22351294635355
1482141954051596
96072372310244016
70454945027810
95723484428104280
19233023927134337
369798126324075
5721875967856679
23930047475082245
281548112665775
19215083769004308
22800847675027549
17613670220555
5842327173616
22875356996286390
76932008451135864
76227099314841
73275874858878501
19215426130927301
5630686603451643
296358381939
22875635959295496
73540840052328878
18102429271053465
22803944550186742
75867800959202
4873310794195593
96071208641410495
18107878493338071
77780639384909815
1127275642481987
5647389418089699
72133478851654605
22518295625865216
75115180379261
1397161794629
76650346028405651
22606045421528671
18383840175302339
5723234268275201
19228551910660990
19509825896829785
22821532526593404
4573973776907088
23731864474951154
1127295815553382
4873328979049252
18107032814427459
22592770422522170
92450363842194
22800922118161816
1413237811119807
18033112874622645
18086215294792036
90447016640537597
1496714507415323
95790557307643477
23925653705642731
1218625158364164
22818458326313565
18103532085900302
281497928942343
90375750015896228
72076308725549643
76935032375772006
18371814050581500
6003631254222966
18014403754475107
4861216127624451
94946196727230328
90371064215582236
22800917412536087
94946425508247123
91479440593925534
18296973347680955
78062031579627736
71554446922769
24013404074718868
76561216446543635
5981429589158575
90353829510433740
95794200431203451
1461724510525
18370645893650011
18370661830116021
22059039882243
73482926334175658
4803016106534594
1215256788241131
18015790329847055
4786260141109334
5704611414541037
1127347382406103
94663915111304635
5916768900492189
5630672674117021
73553020471655730
77757741956382493
1412121169816986
22593886377798947
303745931932196
352191637517822
19427632842689005
1100873870746
311035639314036596
94646305668306518
96004979241139731
24013421003377950
361696723903160591
90371077073476209
357345967283906
72361145373669656
5629590867935777
4508071832380332
24014708396841537
23732202671948691
379802188895071183
74841155887557
1412894216626100
90073179379271514
292757358882445668
72079859592550510
370814946495044
294147214574608417
288582221265539205
5928841686085466
96004961687650130
5722139102413325
4789769278304383
77704983632053953
95702682207176652
311118911012035140
5647372274770335
22606028293164371
18019918910959562
360358407896977941
382880822278191707
293103705147753288
19511114093412338
6004506081798152
1408547456110561
18384935100006992
23645272561028457
96006332756734337
365089692351
90428583687608528
18033387813436446
300241127616377
95793856283811648
73470745779879761
365917470961188682
91502479935839349
289725734738463604
360588484923619950
72339429906881768
95719363488535978
311879845169965758
306266839066505750
18384131966395308
94928827800811642
77968642883449450
1479136555496836
287321652967860
311101339406675085
382895029004382111
6004725073264775
343619572058
289445427817322452
4574312274990620
1407723153965173
18103481595579264
96075413075565256
22887503884090358
73554099257050200
293103485929833013
361717423349369237
288253810734686720
289713965854518376
4503944668631943
5497582597258
292757071295118343
1479139839774405
73272559949063552
77704979407833815
310766331706863875
312174458278793698
1478860796722281
22610380020291265
22594209443830092
90073437161964355
23719764365299779
312227287304522493
312231701600739892
378676224654397165
310836697280738771
1148995223177122
22817152299788354
93819906172213
360292664755031072
17613691916763
379451429086867548
22536969450564012
18090558027357554
364884019181258437
361484257241169395
22607059690115327
311100236375727564
289642150306815089
292733975836734975
307745698359417429
307446885769789754
23719786938343734
94597604227099074
365091805910369223
364863403558781074
383180906255549987
1214141556671758
91496965037041988
22535659082393770
73554029425060315
288582242350334465
18085884800603715
23177110035966
77758927326037510
22887730779878024
303466358351027
90077491280628775
369715352722617
4526965809011179
95719084373702749
76913038413535126
288513295373929894
73259721362214445
72343816179640368
360376004535708232
361718800317916609
1412070667980817
364813857908796000
4503891717465941
77775055659220478
73202477937883226
307723978874827434
22522740089427836
94668024467763291
72132383908972596
4578646998893938
5982512704203478
73469733314519606
384302404107788486
90428532159776410
289643336054203930
72427322534634203
4399481348882
90359035137047760
19056779144288
95702935537797495
95773239600970667
94876034196193950
1479135530933914
366217916043423698
23111220312794
76936402189450409
4597420338657806
383936610305695936
95707287067202941
19146075983613177
23364647078529
76631927500694032
89409494569410
93550079114542
294229386128678343
289444513385604998
5635290563356956
384283987084598409
1408544473588560
361507397511757402
382827963043887812
1214222020286548
91497234505370163
366270710657690484
361771303113068365
18385020205041767
72075272464958597
95987644791128936
4522309644317634
361501831917960812
365940853066300001
90089586172064782
1430762102182028
23091161658884
90146781084371792
353034859666590
294211719884556141
364862232137555515
1477748220416698
19162567940909724
19427618873473521
22803962956576800
6004506329010246
306527350549185407
288235959643981202
90161333713609858
89133722714779
24014521412250623
94862655350722143
19493331882358574
96058919739977905
23662864731854611
304908398338726
382811557406362530
360591780246286265
18107944266262596
311106012302476991
73276975449788988
382823927185515777
18319242927777823
72062082622438294
77968917778871218
288253484361065002
307393031084595051
94669347404942869
1130591485685438
5982529831392945
306527440744238219
18086163399678956
1130316214243175
94597587854054103
95776329548632836
73558519145889534
73255254790471345
364815020537770120
282580220052628
1477748400530431
18366264789013577
4802946389457687
1482147197107427
287251927414491
288511852407851897
22607081112150283
22593937689868846
19162294542827252
19497988203434858
1430830834142542
73554120045082700
375007890997583
1218276156309300
18018869574158966
73259708146273245
19216439787034831
76565885116762893
90446107517459587
356539053935091
293108153822169934
366275086296163439
94669399876997830
1412877820923738
289638094871046687
384236437704961635
90146849793611278
73253935784447077
306545011350176557
311118979882637365
92380806740438
1408767733132127
5915666604629355
22607080671194813
70387357734269
289445406715475159
1411863440811318
5516106295930
1496435353332280
90354571808707018
1483311219611962
5717552064100940
4874428342466392
5700212377039893
89422399669297
310837526146135417
310748718303229701
310752858443032410
23714615129131105
24000433134733025
19510032809487940
365143707165135241
1430538824069842
94857137339217708
365921941630881779
94862639271561792
18984846405174
1478087583413799
4790847061967016
90161070274544792
5998941137263625
384003634164838704
96002021043921086
312245085627797775
5700217257979936
18019897192773074
289727108203156021
4597148328007222
96000903800104159
90357952925802937
72432532077727257
18089166426478232
286238487363801
22518291634345920
93528648594046
96001937957190093
292757139013849597
307376516205878053
22874515039797127
94857072733633585
89408709266013
5986016509716951
76843773882218480
300446944644286
1215239612316607
306531833473414769
91202634393445480
1148239386878300
19498006218316311
1408753695468418
382805969592420148
311122209527879386
5916495098240947
379797985723323484
77710269637276367
73183564274576695
1105237451914
1407668312694996
22541453074647614
18370730511559677
312174734383898006
4471533705706
1143514682955004
1407719776049793
22565384534
90429352448929859
91567693630622172
306332758526668166
1429645662762188
4509170487968255
91203756592928175
19510079323138072
1148169322112962
4878877830618878
292827440112968998
22800574223647958
378677647612532967
4804114405332895
77758652280640604
76848442159744337
360310309622591425
292751590991939338
23662934492472790
378395002775685261
18301444426285909
1127348728243838
77969960145917429
73253936173225855
384301596641656335
282853671820315
22522417709594041
90429626341483866
293934939955148577
72079863659498764
5928916044334116
289362140207680249
1219363919658618
1429726184750347
293883330730913672
1496440915216635
1196545028454748
74771936650700
288300766839250696
89078790007423
379780392735883246
4591650838403445
22535939735860381
307723710105812582
71833668927914
5912078596205556
1412959763401638
4856891056439902
90160022444121577
90429677743874943
19514222853516640
1148235111499472
4574333511805514
378672973474877121
72361129483991969
289445685663990897
1425332563149678
306526340036385786
90077581616988174
95701835965229907
4578440906515622
18036476066425583
23648366185412520
365992533131445663
19497708472076039
4803788892337667
94879419483440189
369526495290141
91572895099769574
5912435992790258
303555422089830
73465249683625729
288601191952791532
361415055768743048
22013205069042
76650258486957728
91549823539306651
289362048651568658
18384955416489200
384021002212627352
361699811975146374
19497661301798120
74841827186169
5912096785088708
72146930612304015
4878619552226580
382807365450790600
22594226947464049
94647353694156864
73553222096126698
72063370998931718
288605315030550203
95984415898905005
76561263695736421
95789543617447648
22535866660454907
23662612358350391
360310047897697794
76636305592480665
95776327701918482
91567350987495116
73206927639602035
72058767769526469
76935325487769957
73272898368038672
77763235917181480
76865025626867413
306338595406479444
73540903992642830
19515508012465293
1213878139881015
344943507099
94593463858265757
4573968458429113
1144889305291505
1424990044883297
90142435803762878
4877731055541165
1424988964413963
72151053930789223
294229311963217219
78043335843624215
94664932394400418
22540058172691348
23948468152146332
94932127180942561
288605310825548398
91273833142758755
76631648331847463
289730390577745060
18019094358229983
92721245081946
383110808228343684
353034505591452
353240780717798
18301647412716117
5717826994505091
95772222541642166
18367703984299826
310771551483010273
94577054049048985
282922604906598
95984135546511346
90077490254058033
382894222625203189
19210688727414385
73202208236961675
72340443882827214
307675243729834942
72410903593392671
90423910451161751
72410834759015127
94575868338658364
90095374451277029
4873126024288305
18370730782082670
5648281480633359
91269361226257282
379504428934571509
384301321512823141
289659811237365055
288249429092024116
384019851961683301
5928911849831439
90161402195067949
1131673758000521
378324450391637291
73557688748346693
292827525679575958
384235420599134064
1175462615935412395
89336689615985
310748380090548396
1244422868313019064
1518066035491444783
1230982729531505123
76566761275711707
1170940393304605724
1225053952093099099
18014673921722181
382807068867211681
307741279136459047
18107862976551950
1413165869147219
1447081638874247459
1513227411502344502
76936421186171772
91498146200347410
1531294540314114590
379803272052698495
310819035293980484
1172413734698213952
77987334900286182
5915664908305651
365143414483555341
1513508616952392978
1172066201794680294
365090980843684123
289712883162628308
1242997986214245536
306526341009795004
4785166158144060
72410882202118388
293033335151164615
91219956940408263
78061014798415397
4575348504437393
5928640036902200
22537035041662839
1247778865594129453
1152993322416597201
91273782242216702
76583258133819689
384232401223938603
88034233979814
312174715813205135
379781216964866327
90359310060282583
1157425196087541886
382807416984113416
18313539883026129
95988745381108065
1158838342809889836
96058031041671556
293091613551003878
88047991470509
1465078371126572708
18300341858816008
1229482996629742477
361717679600225949
90371082115001890
1171006276425094105
1170954601182654365
90429403613819233
1460667475337132404
306532112497558985
19439714736042912
5629504123068567
378308227478762425
383180150791883648
294159304835890077
1463675394257253092
288604279750093185
19228538578743173
365917471034168439
76631855748820209
18015846543677172
1464026191057033316
18089462028052901
5928910313058973
1536079597807632733
73554051695051337
310754237055489271
19515300988926488
5629776044206540
1536872429771364019
1158556798673788545
293947859311864458
77762136782634629
1154400710523918514
1175515392408103574
307722610592280099
5717735429508794
5985763818914072
23714267970760076
70734288967656
1441226722568860849
306614507344357163
94597927563039114
288582221121352123
288511941546587391
365073325004766769
383110620005345180
1200740203881372
19496884952879405
357686089406188
281548331423041
1513297458933947406
382823584091344953
23737374848967272
94669395127901513
5912367824186222
1513583589568526598
91269430649490661
369797573372837
5981413317138132
1501126888263954
96000632510721654
72431773509018767
360588484944764598
72414183784828082
5911250243177322
18300276106109680
1531594688804693541
72362520191412594
19444864824667848
1446857609297636262
4861289606922026
1247516138377511636
1154047409766986978
24000488685118066
307740386925436006
19426536569578503
1244489125595408054
23715452527243900
1175443970359227984
1243016609283813354
288601192014631002
288248334052805736
73202191278756754
383158985020129876
1247585063467533102
1172137674256129881
289638942220534828
18366521598006873
73254143480944701
383093238466901885
5911061758043187
1532631339220132089
379498637788131427
1101402969331
1460384561287153659
1230909041448153579
311034264623400226
360380346839614502
365988184169704226
364867506103560525
19492418975016156
1531580201334227691
95705907330931911
76631631304867388
5704352615206750
4786539619647802
1144957482695603
1459167671748391917
95706186955368787
366221004152210331
4860206687754741
1535816894792394416
383158913594304718
1531316237183393144
4504720647220451
293015542935383076
90371425999664272
293104787297636769
76650341751835389
73271541141006989
5630689270533423
1514709505944346911
360305632614047037
361701118824136082
1464870633425113298
18317949650211202
311106081370491581
1477765121882313
22818170817426923
1244211829997256470
91498145105585832
382882178424142384
1464818113267199849
1447086294797249837
73271731038532351
1170953858154895213
306602409222043720
1532648841362707032
77687438077694823
383106478841294234
306244797259761515
360575033682756930
77780621372676534
311047722031826684
1153277832950844983
383931874049648002
307371019652485907
4489322626358
1224980495061279701
90446949086626193
4790645220747056
1148187870851543
365092086424926465
361507625035523893
361506298465512353
1225335616355537174
1157447165128807487
1171311202832070305
22605977836013542
76566989035623171
1153222037297637664
19210671744901216
1219358755752420
1244141735905036602
1247849217305851603
93480239727463
1425054058513488
1172151213030434547
1247585406310272924
1459447772290767524
289379384716895732
293934917769052078
1445677557442412868
18106826557818595
94581095478699505
22874520975329297
293953701040869691
378302662583778777
1230983812689282491
19233779268507673
1537211057768165745
73554116759614749
1244194457772595117
1226408830479880213
75935241059969
73202460831071143
5647164758977682
307464207906185753
382876341616293944
1244400874132252499
378390605349075940
378588329646264008
289356625287584624
23736278895990858
1244401221688134285
1172062078807272006
288587723034291714
379517399770262609
306526254142178549
18102703269519046
1154333621390485877
22869933629855883
18296165931550051
23714341270573108
18383856977184175
76932027355774817
77974066643334022
18295963988710072
1225067356640600703
76935303315245596
1247520205525610488
76918557062470105
292735167520325056
17940445217392
76843773866327867
94927436754621931
1460298020914450451
1171310906920891255
294147193049266216
379803568775677788
306620057465843489
306263556776813912
95723573314086552
18966596322292
5933052150532148
4873329471415838
4803027836458865
1429726502281397
1157496664749521273
77688468876332429
366199225476731482
1463669948657523306
18106779349227758
1441504915111216753
379516590494608833
361699830840165205
91554482273331241
289374148708328517
78057635020019765
353030330218948
95983333431371829
1153225056688875339
1143584207513736
77706150847375215
307445808451239998
1224980548012164628
72076287164561028
1445743510859687412
293865649401145184
1243063939956061365
4575342826941511
373838777366428
23931231801703286
378655672890661068
95706186531301161
364884272902054564
1247520483894719614
1175511268232320705
378391516582505055
96006130215378078
366203416689652328
378302392188166069
22888881975970528
91268348584689088
353236723025298
1202041513161760
23925443053904775
1154403991505600612
76913316763631913
76565665240703905
23648365930652840
360359799724885169
78039303754609567
365936506098060598
365993629412216249
70437822563837
369526466074291
1154421605296549567
1176569802823684347
293109184495397853
18296222214483517
304634882786930
1442582712467607102
1513513288283811438
1517805502689185329
1464795802230886531
378605924814190859
1247498489391618384
1171305341075341299
307722863552072428
17470332335
77762982949180626
1531242909420473038
19440486952194190
1426433051553405
1154403996294753729
311117880860616744
72409524324409895
18084768617025327
73554322238644762
311105720516666075
76861635749694082
365162111042637765
4578453712809656
94950530197050317
1535803632914321759
311968026617250545
374955229926686
379784875949849433
5630880117911774
5916820005385377
289445405618086149
1230684740430759226
1243085930148469245
73184593919780318
23719013838682554
378372823540205192
92380454953219
1157782811575813827
1175531884145850586
1537153561823535994
1158921557238717362
19493332106586480
22875614708231028
365921890547720536
18090338934551295
1201783742084407
87962341391464
19211766955577494
382898346435428830
1175531948642225939
1248909974514511054
306315488282000784
90423926965711443
1175528569503552153
73488076771876535
24019193980317636
1157447181277407030
77987608326082425
378654488583588745
76567057201599722
352136118618068
1229834542648279590
5648483595740886
293949010271201779
361418611957334186
90089861429143496
304570358882167
1175439521876022327
1244119690143627895
90077511781727324
289426666391077194
96053612086354868
94663902664407622
1441170590286296375
93463882137875
307441066727044330
311122570948466218
364867716536220287
1200736516234319
72358123411110778
91290325672074150
19216508405689953
1158838339408415717
366270758081340590
22518016560828687
1532702991834048887
1229857994660174800
5647092118707143
1247516133414051725
311035691805489742
5700161825532666
1229853308623033640
76228505639811
90164700709693266
22874583958529150
1513210666442148643
1224983501974178220
90357866988885651
89130609169740
91220987746742167
5704340756548442
1172155348605071190
293864365162361051
5998954235817208
22593062632132329
289712592137555331
1375563220804
95771878147991892
17884614598772
91268262763606339
94594558767104285
23649688780836688
72080753079331511
382881029001037574
94669068683940953
366217981364666349
22818256363538644
1226390940889256324
1175742968669117610
293947855369465058
19228276579899753
22805062212923621
95724650560973763
6004439177219137
1445677475118004062
1464813444594923932
1200666838439075
379429438949493550
18300293300339350
22588457320744202
1172132194132055457
379503398186914340
78040037008188256
76561543016919682
1531225042165263551
1226461517292717799
5934339941523542
352137246249488
311944647399514472
1447156388497140270
78044801243491004
384213619147081078
23648301767683874
370552949357661
76654721788689394
307370760849343567
91198237642327949
1459522526252126093
23719855935955025
307463119668889164
73201155788537495
288604560095131478
365923264071886542
93528301404517
1536026816624847764
23162763357988
1213935732153073
1513509643368452248
288586703948023394
19514133990698396
6053142756725422240
1229505861031891729
77775400016763069
73272628931517344
96006353954547886
4971996340089354570
4808461923543551
6072261120979864606
1441241289246148211
4918288135015535360
384024228529343733
310770708527834611
5981691267421305
73272558854118245
1412959842193589
1460380231207762541
76847342492859959
1441451021498781235
292823384564114960
19146071235632602
384302426080131547
94857153300106192
4684025436975004127
5999005312437944
384288184029079247
1536872151443392435
1226409912974373271
23931232255808297
90429335101071311
1518069609193346821
1171292494837505860
4802963188197055
6075708862801457540
77970034543346574
72129356463655457
1244138369129679018
1157426226566277838
18389337612414680
4631131244031830688
1172155628307706530
1176587462495481756
4634209880067078167
5836946593740533196
4973451805839724686
1465095191233515603
5721927374184738
4922451986482075959
1242999356940761242
378378235244354779
4706279276285615624
379798070236272706
1244123882913795948
18383921435023631
94668247799356554
73464974580697336
23643971123127960
4972330252497094775
19514219707150515
1152921867085184140
1531510850509906037
90358145960481252
294163685484749474
5765804965144039302
5859465763500868853
379727357993090029
1247872307186702599
19159064616163600
1171217653861672383
1214137100720488
5648196930257252
1175720983673314689
1517787845656898767
1536875365216038663
293935765015647986
1532372885326375974
4631130131919351496
383937458105696784
1230684486017761585
5633967598964262
4509101571536720
1226405527358334953
1244494335188889779
23662868978141025
90376850548830726
379429711732905910
378602880301276169
90428303503400018
4617690525951322858
6129774045588715094
22805263891642736
307670085471096827
312230864277198560
77757805933602301
19427288197644398
4786265405584730
1248979329690699812
1248646173114425134
1154135383166195646
1247568909146023618
1229482978488102830
294212068501445296
1226392268314000468
4688616734775853088
72076291602532827
4922738202454489384
5836669812500677680
1226405169552373305
22607081241779297
5765752395952334441
1442371330002793118
379711140605738829
1532654412843730599
294229398979477243
1200672877628244
1244476756905282819
360640914119538275
4977692571955606384
1226181226982576232
306316517920004623
1243087042529375432
1230982777647784809
382877511083884641
1243085874212564935
312155750742605964
19215413331616359
90371356799911563
4746278129357
1243367405973927171
1460575050334500046
22799474291561798
1536026561741371405
1460667187780426132
289356298923679143
94598699366136431
4702954349929247472
1247850061927882310
293948198525110900
378325459715976439
90441518786472597
1157706579509956307
1442635471867055646
22335106562932
378585309479818534
4901398606900868315
4994515353097370494
1464813461685581705
19497915104114327
72427322848471257
4613182798227449706
4994778978454124988
1176921663072602825
4629701517017889896
19140372806677885
1225049765607315629
288318355534413445
77705858813276902
1214977896915150
360380399473932949
1158639244781636296
360358704147329660
5630878618570970
382880735315503308
5859536132316434783
1157777017218954770
4995899659692086312
73540858211983635
5766086388248976583
96001728400757769
1460579427603174076
91290251776759051
76578859221400713
94597655700919363
379428549597585876
1225266089094560721
1229504968471606528
19159335308140843
72361146029217873
19493260001649422
365162128298566956
4702128551409476342
4617620156341422897
1514709485265091535
1460314531804938733
1244402334222123987
94949792521556623
96006418449152317
311950489625818204
1518927004070765474
6144388809909008306
383159256795824896
293953404344905209
6054039687878084353
95719427957222004
4684026462465017246
365144604009838678
94875833397904219
6130900223605855698
4994792155073984671
310767084272487134
352193000934711
4579470633713253
360293558518309133
307388633579285160
6129469467937494537
4976495542050276271
6076855637248971205
1226180887407272222
366005780530007795
1229571024938166369
364813579045774251
5699942488669995
365074488399625524
1459540474302976146
307459740521570754
384288389412071394
1426135671259764
1495615116756245
1464866169168822450
307446615959458486
4611690490373612802
4976565847060382617
365074231604405395
1171218769915879445
1537209619771559343
5769129836680101969
1243364122961513183
1463758136768104281
19210960351106832
1536031214198228499
1131763923774247
289726074548253165
1519139141448383177
4990288623053806554
19159076014202306
90165520141609780
1519138110647322933
1176640530824950700
73183585448397673
19497658007259247
4707392273845538140
306333016550371532
1531576014385839248
4901399709212918692
4701758015901906204
78056547313663784
306526255855567087
4856633171106367
4922805290876861327
91573105593302122
5783765779697979793
378584192668698508
91202308528415887
360662149128862409
1519120449791866729
76847085152024381
5933325663075275
4990270984681770771
1242997896710325139
1154328885637933005
293878572673146096
95772210847579924
5837795490170769591
357363075188137
1411846021017171
4789751972214131
4901394208558468217
1532632714339522279
1447085190871652552
1531223879247091253
5788609060521108954
1157724190551464056
1518931402443849198
1248624389031875134
74839895073566
6148913247464202968
1214983323375382
1532635715184935562
23948742212388857
18296996436459165
361788808274845983
91202376977167142
22594156606207386
1225071526788614483
382829401905600046
5795327100084
4856886541671167
289427010799563009
311119190814454329
1175533259327681089
1154422344169365353
307727210316495980
307392687745615487
292826409872186620
379451719821102190
4707758338535572562
4706349851288698799
6057359389089678584
18015795100554614
4901042575358313695
1244208544246062195
311104977216418570
361484584192177082
1459167659447934267
18370932445368742
5635362292781628
18366586067142217
4917936651978278432
4631183745993975088
5836757756262993747
24013626394143191
1247783245622007907
6072049941778362009
18372020306333318
6057435043782623613
18102445842498497
307441339752076530
4976482267152642943
4703166830932226037
1532631545266395061
72362520133005803
4991489582819104977
5859184576337438151
1158644480744846708
1446029590419682325
18300634176764102
78039230261334499
4990269885164728999
1244489951461991249
19510920290403555
1172413721901017611
1243276073405140550
4706631051360287965
22892950289605156
379785955000348945
1225349926747226966
1171221797799287271
18385003023668726
18296235656333679
1441525784644072252
1176654480278265514
1459470914173012879
6125266325938159611
5764906934511683754
1176847978310560262
1158552380557182018
306245964422082245
6144041582273007733
312161337359224528
294229609249608473
95793872546228605
1230909062273456344
4683831866739056006
1460315631460986050
4574265114360387
87979530162705
1153203323956914735
4616190739937826310
1172137755666104475
356260129635253
1226109763652468652
384231228147811536
1519214184527871640
1247872380030092646
77763032894364473
1442371244040503500
1225261690446598210
73553223576409055
1248926758911104951
1172149769397443113
22522413649632318
378658633408165539
366010177772864428
91268267016104493
96006332175990849
4922526769369914636
18388525677141395
294160042874668056
1442560423924353841
5718577500311974
4635617169723400629
361695368060663456
1446029590773797121
1441228044488240900
361789153547352168
293020142468692852
289726882243390578
96004959061837937
1172431531604456891
4617667641102262730
306531013155421435
1537228375834507693
5783749218996206457
1158640361643364290
1537153613084552616
384213433843756793
1445730270599666530
1531224996342332418
1537205240069167480
361414162416919115
6147770833391860873
77987347482127347
378588332498567413
1531599150373753026
294230759486675495
5700213008284222
4918305801281448585
1460314170239412543
19162311273949299
1226390944828337319
76565677894132170
91484110540880438
6071134065454962294
1537223106589854456
1154065065863001091
19157890869604000
1154069486583532629
1226391151423516516
4900197891569063318
4900220221154321516
22610425890740095
1517787841382331354
1244124981914467161
4635612582147637642
312230533649767834
90429678933755525
379733109305258319
311048541333760200
1442353669370097745
360289139589804146
361713298988777970
293020210609087594
1172419494267508327
23719838299322358
4634227455764753995
1426362993593910
306596709959622364
1248623087484123627
1226124038180305545
72132636155990861
361783380046497604
293015795193363774
23733048906349354
310754221002992222
1425242330397614
1154347589397844224
1225278234743858450
76649245218252994
370625988361325
1447062941595544527
22817408942611773
384232052099767246
365935153163488798
94927796955487182
22610431572756993
293883055783539713
365993701313633095
4504785369713927
311950163133730447
94599029841226369
22799835430011758
96075618136698305
289638095276790105
365073118580984924
1218277326218000
88029940991036
288318629716613533
73188992605625377
18015774041238888
1244191215164797934
5769486143641138042
288253762795611579
4466786458993
312161544627452165
4612905446109120940
22519115979718886
1465095963855732308
1536857775508130001
1519124934151659587
1463973367603496234
1230960804526247617
1518928379181333168
95702678441165256
4877714402805401
4706267388620846892
1175515735090425250
76861657502328409
6147502917891371524
6004709041783711
379447035338055679
1176584181392950400
1464044010127385753
360639884364277152
4617337594233029970
1441226717158578911
90147055938287955
1536085089931587274
312173410221110700
1446856169615183804
4905916435569232324
1175444250779576680
6148914691952345088
